
*** ChampSim Multicore Out-of-Order Simulator ***

Warmup Instructions: 50000000
Simulation Instructions: 200000000
Number of CPUs: 1
LLC sets: 2048
LLC ways: 16
Off-chip DRAM Size: 4096 MB Channels: 1 Width: 64-bit Data Rate: 6400 MT/s
CPU 0 runs traces/spec2k17/srv_75.champsimtrace.xz
.xz
BTB has LRU replacement policy
ITLB has LRU replacement policy
DTLB has LRU replacement policy
STLB has LRU replacement policy
L1I has LRU replacement policy
L1D has LRU replacement policy
Initialize SRRIP state for L2C
Initialize DRRIP state for LLC
Heartbeat CPU 0 instructions: 10000003 cycles: 2944171 heartbeat IPC: 3.39654 cumulative IPC: 3.39654 (Simulation time: 0 hr 0 min 45 sec) 
Heartbeat CPU 0 instructions: 20000002 cycles: 5879146 heartbeat IPC: 3.40718 cumulative IPC: 3.40185 (Simulation time: 0 hr 1 min 27 sec) 
Heartbeat CPU 0 instructions: 30000001 cycles: 8820279 heartbeat IPC: 3.40005 cumulative IPC: 3.40125 (Simulation time: 0 hr 2 min 9 sec) 
*** Reached end of trace for Core: 0 Repeating trace: traces/spec2k17/srv_75.champsimtrace.xz
Heartbeat CPU 0 instructions: 40000000 cycles: 11760186 heartbeat IPC: 3.40147 cumulative IPC: 3.40131 (Simulation time: 0 hr 2 min 52 sec) 
Heartbeat CPU 0 instructions: 50000001 cycles: 14699435 heartbeat IPC: 3.40223 cumulative IPC: 3.40149 (Simulation time: 0 hr 3 min 34 sec) 

Warmup complete CPU 0 instructions: 50000001 cycles: 14699435 (Simulation time: 0 hr 3 min 34 sec) 

Offsets elements: 
Potential of Offsets elements: 
rewards of Offsets elements: 
Printing Sanity1
offset list size2101
Offsets elements: 
Potential of Offsets elements: 
rewards of Offsets elements: 0 0 807 0 0 0 0 0 9 0 0 144 4121 2268 1482 2309 0 0 0 0 0 0 0 0 0 0 24 0 0 0 0 36 0 467 6 0 0 596 0 0 0 0 0 2 0 0 0 0 1033 0 0 0 0 0 0 0 6 0 0 9 6 18 55 28 18 62 150 90 18 54 15 0 0 0 46 23 28 42 3 8 0 0 0 0 0 0 1 0 2 0 0 2 0 329 0 0 0 0 0 0 0 0 0 0 0 0 0 0 0 479 0 0 0 8 0 680 0 0 5 0 0 0 0 0 0 0 0 0 490 553 164 342 0 0 386 0 0 0 0 444 132 0 0 0 0 0 0 0 0 0 0 0 0 0 0 250 0 0 0 0 0 0 0 0 3 0 6 0 0 6 0 0 0 0 0 16 0 2 0 0 0 0 0 0 19 0 0 0 0 0 0 165 23 0 0 0 0 0 0 375 0 0 0 0 294 0 0 0 0 0 639 0 0 0 0 0 0 0 0 0 260 0 0 0 0 0 275 520 0 0 0 28 137 250 0 0 0 0 0 0 0 0 124 0 0 0 0 0 0 0 0 0 0 0 0 565 0 0 0 0 0 0 182 0 0 0 0 0 0 0 0 0 0 0 0 0 198 491 35 0 0 0 0 0 233 0 0 0 0 0 0 0 0 0 0 0 0 0 0 0 0 0 489 0 0 0 0 0 0 0 0 0 0 0 0 0 0 0 0 416 0 0 0 0 0 0 0 0 0 0 4 0 0 0 0 0 0 1 0 35 0 3 17 0 0 0 0 12 28 0 140 0 0 1 0 0 0 19 0 40 0 0 0 0 0 0 0 0 0 0 0 0 0 0 0 0 0 0 0 0 0 0 0 0 0 0 0 10 0 0 0 353 8 0 0 0 0 74 0 0 30 0 0 0 0 0 25 0 0 0 0 8 8 0 0 0 0 0 0 0 0 4 0 0 0 0 0 0 0 0 0 0 0 0 0 0 0 0 0 0 0 0 0 0 0 0 0 0 0 0 0 0 0 0 0 0 0 0 0 0 0 0 0 0 0 0 0 0 0 0 0 0 0 0 0 0 0 0 0 0 0 0 0 0 0 0 0 0 0 0 0 0 0 0 0 0 0 0 0 96 0 0 0 0 0 0 0 0 0 1 0 5 0 1 0 5 50 4 4 20 0 0 10 78 0 14 0 0 0 0 0 60 0 0 0 0 0 6 30 90 0 0 0 0 0 0 0 0 0 0 0 0 0 0 6 0 0 0 0 0 44 0 0 6 0 10 0 0 0 0 0 0 0 0 0 4 0 0 0 0 0 0 0 0 19 0 0 0 0 0 2 0 0 0 0 0 0 0 33 16 15 0 0 0 0 43 0 0 0 0 0 0 0 0 0 0 0 0 0 0 0 0 0 0 0 0 0 0 0 0 0 0 0 0 0 0 0 0 0 0 0 0 0 0 0 0 0 0 0 0 353 0 0 0 0 0 0 0 0 537 0 0 0 0 0 0 0 0 0 0 0 0 0 34 0 0 0 0 0 237 0 0 0 0 0 0 0 0 0 0 0 0 0 0 0 0 0 0 0 0 0 0 0 0 0 0 0 0 0 0 0 10 0 0 0 0 8 0 0 0 0 0 6 0 0 6 0 0 494 0 0 0 0 38 26 0 0 0 356 8 0 0 0 24 0 0 0 0 383 0 0 0 0 60 0 1 0 160 0 0 2 83 0 866 0 0 5 0 0 0 0 0 0 0 0 0 0 0 0 0 0 0 0 0 0 0 0 16 0 0 0 0 0 0 0 0 0 0 0 0 0 0 0 1 1 0 0 0 0 0 0 0 0 0 0 0 0 0 0 0 0 0 0 0 0 0 0 0 0 0 0 0 0 0 4 0 0 0 0 0 0 0 0 0 0 0 0 1 0 0 0 0 0 48 18 4 30 57 21 36 10 154 60 676 92 32 4 12 23 3 2 0 0 0 0 0 14 0 0 0 0 0 0 0 0 0 0 0 0 0 0 0 0 0 6 0 0 12 0 0 0 0 0 0 0 723 0 0 0 0 0 0 4 0 0 0 0 0 0 0 0 7 0 0 0 5 4 0 0 0 92 0 2 0 0 9 0 0 112 0 26 0 0 0 10 0 0 0 0 0 0 0 0 0 0 0 0 0 0 0 0 0 0 0 0 0 0 0 0 34 0 0 0 0 0 0 0 0 0 0 0 0 0 0 0 0 0 0 0 0 0 0 0 0 0 0 0 0 0 0 0 0 0 0 0 0 0 0 0 0 0 0 0 0 0 0 0 0 0 0 0 0 0 0 0 0 9 0 0 0 0 0 0 0 0 0 0 0 0 0 0 0 0 0 0 0 0 0 128 0 0 0 0 0 0 0 0 0 0 0 0 0 0 0 0 0 10 0 9 0 0 0 0 0 166 0 0 161 6 0 0 0 0 0 0 0 0 0 0 268 4 0 0 0 0 0 0 0 0 0 0 0 0 1 0 0 0 0 0 0 0 0 0 0 0 72 0 0 0 0 0 0 0 0 0 0 0 3 10 0 0 0 0 9 0 0 0 0 6 1 2 0 0 0 0 0 12 5 0 0 0 0 0 0 0 0 0 0 0 0 0 0 0 0 0 0 0 0 0 0 0 0 0 0 0 0 0 0 0 0 0 0 0 0 0 0 0 0 0 0 0 0 0 0 0 0 0 0 0 0 0 0 16 0 0 1 0 0 0 0 0 0 0 0 0 0 0 0 0 0 0 0 0 0 0 0 0 0 0 0 0 0 0 0 0 0 0 0 0 0 0 0 0 0 0 0 14 104 0 0 0 0 0 0 0 0 0 0 0 7 0 0 0 0 0 0 0 0 0 0 0 0 0 0 0 0 0 0 0 155 0 0 0 6 0 0 0 503 0 0 0 0 0 0 0 0 0 0 0 0 0 0 0 0 27 0 583 16 0 0 72 0 0 0 0 0 0 0 0 0 2 0 0 0 0 0 192 908 164 0 0 0 0 0 0 0 0 0 0 0 0 0 0 0 0 0 0 0 0 0 0 0 0 0 0 0 0 0 0 0 0 0 0 0 0 0 0 0 0 0 0 0 0 0 0 0 0 0 0 0 0 0 0 0 0 0 0 0 0 0 0 0 0 0 0 0 0 0 0 0 0 0 0 0 0 0 0 0 0 0 0 0 0 0 0 0 0 0 0 0 0 0 0 0 0 0 0 3 0 0 0 0 0 0 0 0 0 0 0 0 0 0 0 0 0 0 0 0 0 0 0 56 0 0 0 0 0 0 0 0 0 0 0 0 0 0 0 0 0 24 0 0 5 0 3 0 0 0 0 0 0 0 0 30 0 0 0 0 0 0 0 0 0 0 0 0 0 0 0 0 0 0 0 0 0 0 0 0 0 0 0 0 0 0 0 30 0 0 0 0 0 0 84 0 0 0 0 0 0 0 0 0 0 0 0 0 0 0 0 0 0 0 0 0 0 0 0 0 0 0 0 0 0 0 0 0 0 0 0 0 0 0 0 0 0 0 0 0 0 0 0 0 0 0 0 0 0 0 0 0 0 0 0 0 0 0 0 0 0 0 0 0 0 0 0 0 0 0 0 0 0 0 0 0 0 0 0 531 0 0 0 0 0 0 0 0 0 0 0 0 0 0 0 0 0 0 0 0 0 0 0 0 0 0 0 0 0 0 0 0 0 0 0 0 0 0 0 0 0 0 68 0 0 0 0 0 0 0 0 10 0 0 0 0 198 6 0 0 0 0 0 0 0 0 0 0 0 0 0 0 0 0 0 0 0 15 0 0 0 0 0 0 0 0 0 0 0 0 17 0 0 0 0 0 0 0 0 0 0 0 0 0 0 0 0 0 0 0 0 0 0 0 0 0 0 0 0 0 0 0 0 0 0 0 0 0 0 0 0 0 18 0 0 0 0 0 0 0 0 0 0 0 0 0 0 0 0 0 0 0 0 0 0 0 0 0 0 0 0 0 0 0 0 0 0 0 0 0 0 0 0 0 0 0 0 0 0 0 0 0 0 0 0 0 0 0 0 17 0 0 0 0 0 0 0 0 0 0 0 0 0 0 0 0 0 0 0 0 0 0 0 0 0 0 0 0 0 0 0 0 0 0 0 27 0 0 0 0 30 0 0 0 0 0 10 0 0 0 0 0 0 0 0 0 0 0 0 0 0 0 0 0 0 0 0 0 0 0 0 0 0 0 0 0 0 0 0 0 0 0 0 0 0 0 0 0 0 0 0 0 0 0 0 0 0 0 0 0 0 0 0 0 0 0 0 0 0 0 0 0 0 0 0 0 0 0 0 0 0 0 0 0 0 0 0 0 0 0 0 0 0 0 0 0 0 0 0 0 0 0 9 0 0 0 0 0 0 0 0 0 0 0 0 0 0 0 0 0 0 0 0 0 0 0 0 0 0 0 0 0 0 0 0 0 0 0 0 0 0 0 0 0 0 0 0 0 0 0 0 0 0 0 0 0 0 0 8 0 0 0 4 0 0 0 0 0 21 52 0 0 0 0 0 0 0 0 0 0 0 0 0 0 0 0 0 0 0 0 0 0 0 0 0 0 0 0 0 0 0 0 0 0 0 0 0 0 0 0 0 0 0 0 0 0 0 0 0 0 0 0 3 0 0 0 0 0 0 0 0 0 0 0 0 0 0 0 5 0 0 2 9 0 0 0 0 0 435 0 0 0 0 0 0 0 0 0 0 0 0 0 0 
Printing Sanity2
Heartbeat CPU 0 instructions: 60000003 cycles: 34486742 heartbeat IPC: 0.505375 cumulative IPC: 0.505375 (Simulation time: 0 hr 4 min 48 sec) 
*** Reached end of trace for Core: 0 Repeating trace: traces/spec2k17/srv_75.champsimtrace.xz
Heartbeat CPU 0 instructions: 70000000 cycles: 53513002 heartbeat IPC: 0.525589 cumulative IPC: 0.515284 (Simulation time: 0 hr 6 min 3 sec) 
Heartbeat CPU 0 instructions: 80000000 cycles: 72486145 heartbeat IPC: 0.527061 cumulative IPC: 0.51915 (Simulation time: 0 hr 7 min 19 sec) 
Heartbeat CPU 0 instructions: 90000002 cycles: 91452227 heartbeat IPC: 0.527257 cumulative IPC: 0.521154 (Simulation time: 0 hr 8 min 32 sec) 
*** Reached end of trace for Core: 0 Repeating trace: traces/spec2k17/srv_75.champsimtrace.xz
Heartbeat CPU 0 instructions: 100000000 cycles: 110424846 heartbeat IPC: 0.527075 cumulative IPC: 0.522327 (Simulation time: 0 hr 9 min 42 sec) 
Heartbeat CPU 0 instructions: 110000000 cycles: 129485597 heartbeat IPC: 0.524638 cumulative IPC: 0.522711 (Simulation time: 0 hr 10 min 51 sec) 
Heartbeat CPU 0 instructions: 120000000 cycles: 148472712 heartbeat IPC: 0.526673 cumulative IPC: 0.523273 (Simulation time: 0 hr 11 min 56 sec) 
*** Reached end of trace for Core: 0 Repeating trace: traces/spec2k17/srv_75.champsimtrace.xz
Heartbeat CPU 0 instructions: 130000002 cycles: 167464852 heartbeat IPC: 0.526534 cumulative IPC: 0.523679 (Simulation time: 0 hr 13 min 3 sec) 
Heartbeat CPU 0 instructions: 140000000 cycles: 186519246 heartbeat IPC: 0.524813 cumulative IPC: 0.523805 (Simulation time: 0 hr 14 min 7 sec) 
Heartbeat CPU 0 instructions: 150000001 cycles: 205471289 heartbeat IPC: 0.527648 cumulative IPC: 0.524186 (Simulation time: 0 hr 15 min 8 sec) 
Heartbeat CPU 0 instructions: 160000000 cycles: 224497232 heartbeat IPC: 0.525598 cumulative IPC: 0.524314 (Simulation time: 0 hr 16 min 4 sec) 
*** Reached end of trace for Core: 0 Repeating trace: traces/spec2k17/srv_75.champsimtrace.xz
Heartbeat CPU 0 instructions: 170000001 cycles: 243432453 heartbeat IPC: 0.528116 cumulative IPC: 0.524629 (Simulation time: 0 hr 16 min 55 sec) 
Heartbeat CPU 0 instructions: 180000002 cycles: 262473314 heartbeat IPC: 0.525186 cumulative IPC: 0.524672 (Simulation time: 0 hr 17 min 44 sec) 
Heartbeat CPU 0 instructions: 190000000 cycles: 281488406 heartbeat IPC: 0.525898 cumulative IPC: 0.524759 (Simulation time: 0 hr 18 min 33 sec) 
*** Reached end of trace for Core: 0 Repeating trace: traces/spec2k17/srv_75.champsimtrace.xz
Heartbeat CPU 0 instructions: 200000002 cycles: 300419908 heartbeat IPC: 0.52822 cumulative IPC: 0.524989 (Simulation time: 0 hr 19 min 23 sec) 
Heartbeat CPU 0 instructions: 210000000 cycles: 319407652 heartbeat IPC: 0.526655 cumulative IPC: 0.525092 (Simulation time: 0 hr 20 min 11 sec) 
Heartbeat CPU 0 instructions: 220000000 cycles: 338340893 heartbeat IPC: 0.528172 cumulative IPC: 0.525273 (Simulation time: 0 hr 20 min 59 sec) 
*** Reached end of trace for Core: 0 Repeating trace: traces/spec2k17/srv_75.champsimtrace.xz
Heartbeat CPU 0 instructions: 230000003 cycles: 357252217 heartbeat IPC: 0.528784 cumulative IPC: 0.525467 (Simulation time: 0 hr 21 min 46 sec) 
Heartbeat CPU 0 instructions: 240000000 cycles: 376305027 heartbeat IPC: 0.524857 cumulative IPC: 0.525434 (Simulation time: 0 hr 22 min 31 sec) 
Heartbeat CPU 0 instructions: 250000000 cycles: 395263970 heartbeat IPC: 0.527456 cumulative IPC: 0.525535 (Simulation time: 0 hr 23 min 17 sec) 
Finished CPU 0 instructions: 200000002 cycles: 380564536 cumulative IPC: 0.525535 (Simulation time: 0 hr 23 min 17 sec) 

ChampSim completed all CPUs

Region of Interest Statistics

CPU 0 cumulative IPC: 0.525535 instructions: 200000002 cycles: 380564536
ITLB TOTAL     ACCESS:   33753390  HIT:   32216647  MISS:    1536743  HIT %:    95.4471  MISS %:    4.55286   MPKI: 7.68371
ITLB LOAD TRANSLATION ACCESS:   33753390  HIT:   32216647  MISS:    1536743  HIT %:    95.4471  MISS %:    4.55286   MPKI: 7.68371
ITLB PREFETCH  REQUESTED:          0  ISSUED:          0  USEFUL:          0  USELESS:          0
ITLB USEFUL LOAD PREFETCHES:          0 PREFETCH ISSUED TO LOWER LEVEL:          0  ACCURACY: -nan
ITLB TIMELY PREFETCHES:          0 LATE PREFETCHES: 0 DROPPED PREFETCHES: 0
ITLB PREFETCHES SAME FILL-ORIGIN LEVEL: 0 DIFFERENT FILL-ORIGIN LEVEL: 0
ITLB AVERAGE MISS LATENCY: 9.18533 cycles
ITLB RQ	ACCESS:   40660756	FORWARD:          0	MERGED:    6412076	TO_CACHE:   34248680

DTLB TOTAL     ACCESS:   40211035  HIT:   38687593  MISS:    1523442  HIT %:    96.2114  MISS %:    3.78862   MPKI: 7.61721
DTLB LOAD TRANSLATION ACCESS:   40211035  HIT:   38687593  MISS:    1523442  HIT %:    96.2114  MISS %:    3.78862   MPKI: 7.61721
DTLB PREFETCH  REQUESTED:          0  ISSUED:          0  USEFUL:          0  USELESS:          0
DTLB USEFUL LOAD PREFETCHES:          0 PREFETCH ISSUED TO LOWER LEVEL:          0  ACCURACY: -nan
DTLB TIMELY PREFETCHES:          0 LATE PREFETCHES: 0 DROPPED PREFETCHES: 0
DTLB PREFETCHES SAME FILL-ORIGIN LEVEL: 0 DIFFERENT FILL-ORIGIN LEVEL: 0
DTLB AVERAGE MISS LATENCY: 13.7606 cycles
DTLB RQ	ACCESS:   61247696	FORWARD:          0	MERGED:   20642067	TO_CACHE:   40605629

STLB TOTAL     ACCESS:   10811141  HIT:   10735343  MISS:      75798  HIT %:    99.2989  MISS %:    0.70111   MPKI: 0.37899
STLB LOAD TRANSLATION ACCESS:    3060185  HIT:    2987131  MISS:      73054  HIT %:    97.6128  MISS %:    2.38724   MPKI: 0.36527
STLB TRANSLATION FROM L1D PREFETCHER ACCESS:    7750956  HIT:    7748212  MISS:       2744  HIT %:    99.9646  MISS %:  0.0354021   MPKI: 0.01372
STLB PREFETCH  REQUESTED:          0  ISSUED:          0  USEFUL:       2546  USELESS:        198
STLB USEFUL LOAD PREFETCHES:       2546 PREFETCH ISSUED TO LOWER LEVEL:          0  ACCURACY: inf
STLB TIMELY PREFETCHES:       2546 LATE PREFETCHES: 1492 DROPPED PREFETCHES: 33051
STLB PREFETCHES SAME FILL-ORIGIN LEVEL: 0 DIFFERENT FILL-ORIGIN LEVEL: 0
STLB AVERAGE MISS LATENCY: 2.37215e+06 cycles
STLB RQ	ACCESS:   13787602	FORWARD:          0	MERGED:    2937098	TO_CACHE:   10850504

STLB Hit, L1D data hit: 0
STLB Hit, L2C data hit: 0
STLB Hit, LLC data hit: 0
STLB Hit, LLC data miss: 0
STLB STLB hints to L2: 0
L1D TOTAL     ACCESS:   58638695  HIT:   51088981  MISS:    7549714  HIT %:     87.125  MISS %:     12.875   MPKI: 37.7486
L1D LOAD      ACCESS:   26824998  HIT:   24200829  MISS:    2624169  HIT %:    90.2174  MISS %:    9.78255   MPKI: 13.1208
L1D RFO       ACCESS:   22294999  HIT:   18602189  MISS:    3692810  HIT %:    83.4366  MISS %:    16.5634   MPKI: 18.464
L1D PREFETCH  ACCESS:    9518698  HIT:    8285963  MISS:    1232735  HIT %:    87.0493  MISS %:    12.9507   MPKI: 6.16367
AGUS PREFETCH L1 MISS: 0
L1D PREFETCH  REQUESTED:   21867819  ISSUED:   21867369  USEFUL:     573177  USELESS:     659490
L1D USEFUL LOAD PREFETCHES:     573177 PREFETCH ISSUED TO LOWER LEVEL:    1732529  ACCURACY: 33.0833
L1D TIMELY PREFETCHES:     573177 LATE PREFETCHES: 499726 DROPPED PREFETCHES: 37567
L1D PREFETCHES SAME FILL-ORIGIN LEVEL: 1732529 DIFFERENT FILL-ORIGIN LEVEL: 0
L1D AVERAGE MISS LATENCY: 1.41146e+07 cycles
L1D RQ	ACCESS:   45356768	FORWARD:          0	MERGED:   17898365	TO_CACHE:   27182188
L1D WQ	ACCESS:   34266000	FORWARD:     285608	MERGED:     200492	TO_CACHE:   34065508
L1D PQ	ACCESS:   11139952	FORWARD:          0	MERGED:     403142	TO_CACHE:   10727417

L1D UNIQUE REGIONS ACCESSED: 0
L1D REGIONS CONFLICTS: 0
L1D Cross Page Prefetch Requests: 300546
L1D Same Page Prefetch Requests: 10839406
L1D ROI Sum of L1D PQ occupancy: 141494284
L1D PREFETCHES PUSHED FROM L2C: 0
L1I TOTAL     ACCESS:   38015305  HIT:   28961880  MISS:    9053425  HIT %:    76.1848  MISS %:    23.8152   MPKI: 45.2671
L1I LOAD      ACCESS:   38015305  HIT:   28961880  MISS:    9053425  HIT %:    76.1848  MISS %:    23.8152   MPKI: 45.2671
L1I PREFETCH  REQUESTED:          0  ISSUED:          0  USEFUL:          0  USELESS:          0
L1I USEFUL LOAD PREFETCHES:          0 PREFETCH ISSUED TO LOWER LEVEL:          0  ACCURACY: -nan
L1I TIMELY PREFETCHES:          0 LATE PREFETCHES: 0 DROPPED PREFETCHES: 0
L1I PREFETCHES SAME FILL-ORIGIN LEVEL: 0 DIFFERENT FILL-ORIGIN LEVEL: 0
L1I AVERAGE MISS LATENCY: 16.5191 cycles
L1I RQ	ACCESS:   58918640	FORWARD:          0	MERGED:   18257884	TO_CACHE:   40660756

BTB TOTAL     ACCESS:   25661075  HIT:   24120507  MISS:    1540568  HIT %:    93.9965  MISS %:    6.00352   MPKI: 7.70284
BTB BRANCH_DIRECT_JUMP	ACCESS:    1658498  HIT:    1648884  MISS:       9614
BTB BRANCH_INDIRECT	ACCESS:    9965680  HIT:    9453518  MISS:     512162
BTB BRANCH_CONDITIONAL	ACCESS:    7213546  HIT:    7200102  MISS:      13444
BTB BRANCH_DIRECT_CALL	ACCESS:    2819430  HIT:    2786168  MISS:      33262
BTB BRANCH_INDIRECT_CALL	ACCESS:     592212  HIT:     481174  MISS:     111038
BTB BRANCH_RETURN	ACCESS:    3411709  HIT:    2550661  MISS:     861048
BTB BRANCH_OTHER ACCESS:          0  HIT:          0  MISS:          0

L2C TOTAL     ACCESS:   21105618  HIT:   14060984  MISS:    7044634  HIT %:     66.622  MISS %:     33.378   MPKI: 35.2232
L2C LOAD      ACCESS:   11177600  HIT:    9174399  MISS:    2003201  HIT %:    82.0784  MISS %:    17.9216   MPKI: 10.016
L2C DATA LOAD MPKI: 7.14037
L2C INSTRUCTION LOAD MPKI: 2.87563
L2C RFO       ACCESS:    3692715  HIT:     144514  MISS:    3548201  HIT %:    3.91349  MISS %:    96.0865   MPKI: 17.741
L2C PREFETCH  ACCESS:    1732519  HIT:     402500  MISS:    1330019  HIT %:    23.2321  MISS %:    76.7679   MPKI: 6.65009
AGUS PREFETCH L1 MISS: 0
L2C DATA PREFETCH MPKI: 6.65009
L2C INSTRUCTION PREFETCH MPKI: 0
L2C WRITEBACK ACCESS:    4378921  HIT:    4252983  MISS:     125938  HIT %:     97.124  MISS %:    2.87601   MPKI: 0.62969
L2C LOAD TRANSLATION ACCESS:      78314  HIT:      43947  MISS:      34367  HIT %:    56.1164  MISS %:    43.8836   MPKI: 0.171835
L2C TRANSLATION FROM L1D PREFETCHER ACCESS:      45549  HIT:      42641  MISS:       2908  HIT %:    93.6157  MISS %:    6.38433   MPKI: 0.01454
L2C PREFETCH  REQUESTED:          0  ISSUED:          0  USEFUL:      39509  USELESS:    1292546
L2C USEFUL LOAD PREFETCHES:      39509 PREFETCH ISSUED TO LOWER LEVEL:    1330023  ACCURACY: 2.97055
L2C TIMELY PREFETCHES:      39509 LATE PREFETCHES: 0 DROPPED PREFETCHES: 0
L2C PREFETCHES SAME FILL-ORIGIN LEVEL: 0 DIFFERENT FILL-ORIGIN LEVEL: 0
L2C AVERAGE MISS LATENCY: 153.531 cycles
L2C RQ	ACCESS:   14994481	FORWARD:          0	MERGED:          0	TO_CACHE:   14994183
L2C WQ	ACCESS:    4378922	FORWARD:        304	MERGED:          0	TO_CACHE:    4378922
L2C PQ	ACCESS:    1732529	FORWARD:          0	MERGED:          0	TO_CACHE:    1732523

L2C Instructions Evicting Data 523947
L2C Translations Evicting Data 33660
L2C Data Evicting Data 5758511
L2C Instructions Evicting Instructions 47491
L2C Translations Evicting Instructions 3425
L2C Data Evicting Instructions 514906
L2C Instructions Evicting Translations 3688
L2C Translations Evicting Translations 190
L2C Data Evicting Translations 32878
L2C Dense regions hint from L2: 0
PSCL5 TOTAL     ACCESS:     108849  HIT:     108849  MISS:          0  HIT %:        100  MISS %:          0   MPKI: 0
PSCL5 LOAD TRANSLATION ACCESS:      71562  HIT:      71562  MISS:          0  HIT %:        100  MISS %:          0   MPKI: 0
PSCL5 TRANSLATION FROM L1D PREFETCHER ACCESS:      37287  HIT:      37287  MISS:          0  HIT %:        100  MISS %:          0   MPKI: 0
PSCL5 PREFETCH  REQUESTED:          0  ISSUED:          0  USEFUL:          0  USELESS:          0
PSCL5 USEFUL LOAD PREFETCHES:          0 PREFETCH ISSUED TO LOWER LEVEL:          0  ACCURACY: -nan
PSCL5 TIMELY PREFETCHES:          0 LATE PREFETCHES: 0 DROPPED PREFETCHES: 0
PSCL5 PREFETCHES SAME FILL-ORIGIN LEVEL: 0 DIFFERENT FILL-ORIGIN LEVEL: 0

PSCL4 TOTAL     ACCESS:      98164  HIT:      98070  MISS:         94  HIT %:    99.9042  MISS %:  0.0957581   MPKI: 0.00047
PSCL4 LOAD TRANSLATION ACCESS:      61979  HIT:      61885  MISS:         94  HIT %:    99.8483  MISS %:   0.151664   MPKI: 0.00047
PSCL4 TRANSLATION FROM L1D PREFETCHER ACCESS:      36185  HIT:      36185  MISS:          0  HIT %:        100  MISS %:          0   MPKI: 0
PSCL4 PREFETCH  REQUESTED:          0  ISSUED:          0  USEFUL:          0  USELESS:          0
PSCL4 USEFUL LOAD PREFETCHES:          0 PREFETCH ISSUED TO LOWER LEVEL:          0  ACCURACY: -nan
PSCL4 TIMELY PREFETCHES:          0 LATE PREFETCHES: 0 DROPPED PREFETCHES: 0
PSCL4 PREFETCHES SAME FILL-ORIGIN LEVEL: 0 DIFFERENT FILL-ORIGIN LEVEL: 0

PSCL3 TOTAL     ACCESS:     108197  HIT:     108008  MISS:        189  HIT %:    99.8253  MISS %:   0.174681   MPKI: 0.000945
PSCL3 LOAD TRANSLATION ACCESS:      70922  HIT:      70733  MISS:        189  HIT %:    99.7335  MISS %:    0.26649   MPKI: 0.000945
PSCL3 TRANSLATION FROM L1D PREFETCHER ACCESS:      37275  HIT:      37275  MISS:          0  HIT %:        100  MISS %:          0   MPKI: 0
PSCL3 PREFETCH  REQUESTED:          0  ISSUED:          0  USEFUL:          0  USELESS:          0
PSCL3 USEFUL LOAD PREFETCHES:          0 PREFETCH ISSUED TO LOWER LEVEL:          0  ACCURACY: -nan
PSCL3 TIMELY PREFETCHES:          0 LATE PREFETCHES: 0 DROPPED PREFETCHES: 0
PSCL3 PREFETCHES SAME FILL-ORIGIN LEVEL: 0 DIFFERENT FILL-ORIGIN LEVEL: 0

PSCL2 TOTAL     ACCESS:     100753  HIT:      94130  MISS:       6623  HIT %:    93.4265  MISS %:     6.5735   MPKI: 0.033115
PSCL2 LOAD TRANSLATION ACCESS:      71704  HIT:      65081  MISS:       6623  HIT %:    90.7634  MISS %:    9.23658   MPKI: 0.033115
PSCL2 TRANSLATION FROM L1D PREFETCHER ACCESS:      29049  HIT:      29049  MISS:          0  HIT %:        100  MISS %:          0   MPKI: 0
PSCL2 PREFETCH  REQUESTED:          0  ISSUED:          0  USEFUL:          0  USELESS:          0
PSCL2 USEFUL LOAD PREFETCHES:          0 PREFETCH ISSUED TO LOWER LEVEL:          0  ACCURACY: -nan
PSCL2 TIMELY PREFETCHES:          0 LATE PREFETCHES: 0 DROPPED PREFETCHES: 0
PSCL2 PREFETCHES SAME FILL-ORIGIN LEVEL: 0 DIFFERENT FILL-ORIGIN LEVEL: 0

LLC TOTAL     ACCESS:   10990936  HIT:    4506736  MISS:    6484200  HIT %:    41.0041  MISS %:    58.9959   MPKI: 32.421
LLC LOAD      ACCESS:    2003200  HIT:    1437589  MISS:     565611  HIT %:    71.7646  MISS %:    28.2354   MPKI: 2.82805
LLC RFO       ACCESS:    3548183  HIT:     956853  MISS:    2591330  HIT %:    26.9674  MISS %:    73.0326   MPKI: 12.9566
LLC PREFETCH  ACCESS:    1330019  HIT:     556234  MISS:     773785  HIT %:    41.8215  MISS %:    58.1785   MPKI: 3.86892
AGUS PREFETCH L1 MISS: 0
LLC WRITEBACK ACCESS:    4072259  HIT:    1541303  MISS:    2530956  HIT %:    37.8488  MISS %:    62.1512   MPKI: 12.6548
LLC LOAD TRANSLATION ACCESS:      34367  HIT:      13398  MISS:      20969  HIT %:    38.9851  MISS %:    61.0149   MPKI: 0.104845
LLC TRANSLATION FROM L1D PREFETCHER ACCESS:       2908  HIT:       1359  MISS:       1549  HIT %:    46.7331  MISS %:    53.2669   MPKI: 0.007745
LLC PREFETCH  REQUESTED:          0  ISSUED:          0  USEFUL:       1865  USELESS:     772073
LLC USEFUL LOAD PREFETCHES:       1865 PREFETCH ISSUED TO LOWER LEVEL:     773789  ACCURACY: 0.241022
LLC TIMELY PREFETCHES:       1865 LATE PREFETCHES: 0 DROPPED PREFETCHES: 0
LLC PREFETCHES SAME FILL-ORIGIN LEVEL: 0 DIFFERENT FILL-ORIGIN LEVEL: 0
LLC AVERAGE MISS LATENCY: 134.788 cycles
LLC RQ	ACCESS:    5588682	FORWARD:          0	MERGED:          0	TO_CACHE:    5588663
LLC WQ	ACCESS:    4072263	FORWARD:         19	MERGED:          0	TO_CACHE:    4072263
LLC PQ	ACCESS:    1330023	FORWARD:          0	MERGED:          0	TO_CACHE:    1330023

LLC Dense regions hint to LLC: 0

RAW hits: 2372913
Loads Generated: 47729681
Loads sent to L1D: 45356768
Stores Generated: 34266005
Stores sent to L1D: 34266000
Major fault: 0 Minor fault: 8372
Allocated PAGES: 8372
ucb ended
-----------------------------------------------------------------------------------------------------------------------------------------------------------------------------------------------------
Offsets elements: -37996 37997 -3 -2200619097998 2200619098003 -13812 13809 10419340 -2200629472974 2200619077821 -24187 24187 1 -1 3 2 -9058 -12703000 -38109 38109 12712059 -12750159 12741099 -1207910 1216969 -15109 24170 -12750169 12750170 -9062 9061 -24198 24202 4 -288223780699134316 18880336 -19495266 6 -1465995989965 1465995989959 504274 -504279 -1465995990346 408 1465995989937 504280 19495266 -19495260 -6 18990989 -31339839 -1465984145398 1465995992209 -11846811 12348764 -1465996494204 -332 1466015485608 -1466015483814 1465984124870 -1465984126359 -1730 1730 1466015485303 -1466015485605 1465996605291 -1465996605295 1794 1465996603501 -1465996604963 1465984126332 -1465984128089 1425 -1465984126332 1465996481222 19004388 -1466015483812 1466015483811 -18972640 18972641 -18991073 -501955 -1465995992584 1465995992591 -1465995992564 1465996587447 17806 288223780709529729 -10419615 -2200619201324 2200619201347 -72119 72119 8 87281 9004 -9004 -15193 15192 9006 -12750094 -2200606351157 2200619092246 9003 -12741094 12741094 -2200619182176 2200619182177 -12741091 -5 8281370 -8281371 12750100 2200619191180 -9001 -2 -12741095 12750095 -2200619190921 2200606440826 12770464 -2200619104566 2200619104568 -44564 20377 10395153 2200619077822 20379 14 -4 -20 19 -20399 20374 22 -20394 20381 -20377 20369 20 -17 -12334 -2200619092278 2200619092280 -2200619199154 2200619199154 -179156 171110 20391 20382 -20381 -20376 20376 -2200619104569 2200619104584 -25 -70005 49633 20393 -20393 -2200619128314 2200619128307 -2200619104564 -23978 2200614636860 14868626 -14868626 -10409198 -4459428 4471305 -12013 12014 -11878 -2200619053836 2200619065711 -4471315 14868639 -14868639 -10373271 -4495368 4494376 -23060 -3744231623 3744231623 -4471318 4471319 24075 -35949 11876 -11876 32254 -20378 20375 2200619072313 11877 -32259 32276 -32277 32257 17 -2200619129138 2200619129138 -20397 20402 -27 -32251 32256 -2200619104570 -2200619128327 2200619128328 -7 -2200619108742 2200619108745 -20391 -11882 11878 -11877 32259 -288223780699746992 288223780699746990 -9 32279 -32279 11885 -2200619096055 2200619128312 7 10 -2200619128286 2200619128277 -2200619128313 2200619107927 20386 -20385 20383 11873 20400 -32276 -32278 32273 -32274 32277 -18 -32256 -2200619096054 -11875 -2200619094202 2200619106075 -2200619108736 2200619096863 32278 -20405 -11872 35951 -35952 5 11871 -11871 -11870 32274 -32275 32271 -19 -32254 11867 -11869 32255 32260 -32253 32248 -32250 32269 -20402 -11868 -32257 32275 -15 13 -14 -2200619128309 2200619128327 20404 -2200619211354 2200619211349 -11 -32248 32267 -32266 -2200619129139 2200619129132 -2200619128287 2200619128289 -2200619129136 2200619108736 20397 -32270 -37767 10447665 -10409898 32270 32264 2200619211338 11 -32261 -12333 2200619092278 -179149 121478 49618 -11867 11866 -11866 -12341 2200619179235 12343 -191485 121471 37759 35924 24 32249 -32255 -24060 -49594 37728 19920 -155254 135333 32251 -24061 -147200 135331 -24059 -2200619096203 162 2200619096040 -35925 11859 -2200619108070 2200619108067 -188384 188385 -2200619108047 2200619108049 -11862 -73637 -2200619141430 2200619191001 -11858 11862 -11861 -2200619096041 11857 24067 -24065 -2200619108048 2200619096188 24068 -2200619108073 2200619108072 -2200619108069 2200618972984 147058 -2200619120699 2200619120700 -11970 11970 11969 -11969 -11973 11973 -2200619120019 -2200619108050 2200619096189 23832 -23833 23831 -36144 36147 12091 -2200619215065 2200619215065 -12091 23833 35925 -12093 -49812 37834 11976 -24066 11975 -11975 -11976 -49567 61544 -61545 49570 -49569 61541 -10395172 -2200619077802 2200619089780 -2200619120700 -25979 11971 -11971 -147196 147196 19921 -19921 -37766 57686 10389979 10409899 -10409900 -37728 -97600 135329 37843 -147194 135327 49574 -147192 147192 -11865 12329 -179148 57677 -19920 -2200619072358 -106876 -179158 -2200619019998 2200619179236 35948 -35950 19922 159238 -32234 -2200619059966 2200619108204 -637022 562790 38305 -38309 38307 -2200619096865 2200619129121 -70561 38308 11861 -11863 -35948 -12313 48262 -195186 159236 -159232 10566258 -10566258 171091 -70696 -38464 -61936 100402 10465862 1913 -10408941 -159243 195191 -159239 -2200619027247 2200619186486 11858 -171102 100407 10467775 -10408942 -2200619096288 2200618937047 159243 -159238 2200619186485 32253 -11859 -195159 24179 170980 -24068 -171086 159229 10407027 -2200629503697 2200629505724 -10397199 -11856 10568298 -2200629505339 2200629505339 -2022 2200629475001 -10397198 10398033 -10398034 -70693 70695 -171104 10568182 -10421253 24173 -24175 2200619053634 2200629473275 -11565845 1146204 -2200629503894 2200619084554 -2200619053634 2200629472974 -10395166 -2200619108828 2200629504297 -10419643 -2200619084554 614 2200629505302 -2200629505302 10397194 -10409051 -159242 10568290 -10397195 -11853 -2200619096291 2200619096289 159244 159234 241 2200619107902 -171097 159242 -2200619096048 2200619096049 -159229 159230 -37768 -10409897 -35924 -73692 73692 35949 10409901 -10373977 -37727 -97608 135335 11848 24076 -24075 -147187 147184 -11852 10447616 -10398058 -147183 147182 -11851 -37759 37757 16005 -35926 -19922 -159230 195154 -73654 -97596 135325 11985 -159158 109346 -109344 135323 -11986 -49559 49560 -147171 147171 -11846 -2200619083040 2200619058962 -2200619107936 -82959 2200619179049 73693 10373972 35926 -35927 -16006 -179150 -2200619131983 2200619107901 -2200619058970 3582431 2200615496915 -20374 20372 3702 -3695 -32231 -159228 121532 37697 -23831 32223 -20380 -11845 11845 10374808 -10374806 -11844 32237 -32238 -3711 3704 -2200619131979 2200619128294 -20396 -32222 32220 -32221 32230 -12311 -8076 -171073 37751 32222 3687 -3687 -32239 32239 3688 -3683 3683 -32240 -2200619095427 2200619095427 -32244 -69986 -72465807171 72465877160 -16 32221 -32218 -2200619072317 2200619084159 20394 -32235 32236 32246 9 -2200619129114 2200619129103 -32242 11842 20396 32245 -32245 32240 -70099 -2200619056346 2200619126443 -2200619129103 2200619129115 -12 -2200619129091 2200619059006 70095 -20401 20401 -10 -2200619128261 2200619128241 -2128153251929 2200619129111 -70085 70100 -70100 70085 49701 -49702 70108 -70107 70103 -70105 70102 -70102 49703 -49703 49699 -20400 49702 70081 -70077 -2200619034458 2200619104538 -70082 49697 -49695 96272 -3744278128 3744278128 -96271 -3744181869 3739760283 -3754628922 4471278 -3744231561 3744231560 -49697 -2200619058439 -3739760389 3754629015 -3754629015 3739760389 4471267 -3744231655 3744231659 20407 -21 -2200619129108 2200619129108 -20403 -20398 -2200619107899 -810 2200619129109 20405 20403 -12304 2200619191073 -20404 20406 -2200619128256 2200619107861 -2200619128257 2200619128263 -2200619128263 2200619107858 12 20399 -20407 2200619128257 -20395 -23 -69976 -2200619058265 2200619128265 -2200619108705 2200619129107 -2200619128299 2200619128283 -20388 20384 -8 -12791719 12771342 -2200619199153 2200619211470 2200619107864 20395 2200619129102 20385 -58204 37822 -37822 56861 7846 -10899 10897 -10897 10898 10899 -26886 37821 -37821 20378 -20375 -49612 49614 10398050 -10398050 -2200619108722 2200619108725 10397190 -10397190 10397073 -10397076 -24170 10421350 -10397178 10395169 2200619077806 -24172 24174 -24174 24175 -11874 32283 -2200619129133 2200619129131 -37762 -72465807161 72465856798 -2200619128328 2200619128322 -2200619129131 -2200619128329 2200619128321 -2200619129121 2200619129125 -12770473 12750087 44564 2200619104571 -9002 -12703101 12703100 11533119 1207966 -15165 -12750099 -9006 9005 -24199 24203 -19493026 -1465995992205 1465995992199 502055 -1465996494641 1465995992585 19493026 -18990970 -1465996494233 1465995992177 502050 18990973 -1466015485237 1465984145397 12348765 -182593 -1465996311611 -1466015485303 1489 1466015483814 -1466015485304 1465984126359 1429 1465996605295 1465984126664 -1465984124870 -1462 1462 -1794 -1425 1465996482646 -12354557 -1465984124867 -19004387 13314 18432 -201027 -1465996311944 1465996311945 -1465996311930 96292 -96287 96287 -9084 -15113 15112 -12741108 -2200606351057 2200619092166 9083 -12741114 12750200 -9085 -15112 -2200619166984 -12750192 12741114 -12741117 8281471 4468724 -12750195 12726002 -2200619166728 2200619204542 -2200619097820 2200619097820 -37816 13637 -13631 13641 18 -13651 13626 -13646 13625 -13629 -5584 106876 2200619097876 13648 13635 -13632 13631 -13626 -2200619097821 2200619097817 25 13629 -63262 63264 -2200619121559 23743 -10409334 -4459292 -12038 12011 -2200619065711 2200614594396 23442 -3744255065 3739760305 -3739760305 3744254707 -35093 12013 -12011 25642 -25639 12012 -2200619084190 2200619097823 -25647 25664 -25665 25645 -13649 -2200619108741 2200619122368 -25666 25644 -2200619121577 23740 2200619097833 -13642 -2200619122390 -12019 25647 -13628 -288223780699427632 288223780699427630 13651 -25667 12021 -13645 13628 -2200619121564 2200619121559 -2200619121575 2200619121563 -2200619121538 2200619095882 13652 25665 25661 -25662 -25646 -2200619121562 -2200619094066 2200619106076 -2200619108735 2200619096727 -25664 25667 -13657 -12008 35095 -35091 12007 -12007 23089 -23088 -12006 25663 -25642 12003 -12005 25646 -25644 -25641 25636 -25638 25657 -13654 -25655 25643 -2200619121561 2200619121583 -13656 13656 -2200619204590 2200619178954 -25654 25660 -2200619122391 2200619122384 -2200619121539 2200619121541 -13652 2200619122385 25658 -37631 63289 -25656 25654 10384380 -2200629588986 2200619178952 25638 -5586 -2200619092279 -12003 12002 -12002 -5593 -20055 25648 -184741 -2200619020006 2200619141477 63272 -25650 -25643 9450 -24 -35069 35068 -23068 37592 20056 135197 25639 -25636 11999 23069 135195 12001 23067 -2200619096067 2200619095904 35069 -23074 -2200619108068 2200619108070 -188387 176389 -2200619096051 2200619096052 -72645 72645 -11994 -2200619179006 2200619191004 -11997 -2200619095905 11993 23075 -23073 -11995 -2200619096053 -657 2200618971488 137241 11929 -11929 11930 -11930 11932 -2200619119981 11997 11931 -23929 23927 -36104 47246 -11139 -2200619202934 2200619214073 11139 23929 -11141 -11938 -37894 37897 11937 11935 -11935 23074 -11937 11936 -11936 49569 -61504 61502 2200619089740 -2200619096731 2200619070828 37893 -11931 20057 -20057 -20056 10410035 -10447628 49594 135193 -37903 37904 135191 -49575 49576 -12001 -5581 5592 -2200619092280 2200619034601 2200619019998 159102 35093 -35094 -20054 -12178 32234 -2200619092200 2200618913042 194170 -600961 600959 -600957 -2200618495772 2200619122373 -63811 38172 -38171 38171 -11999 47270 -194194 159100 20058 -159096 -100402 10566264 -10504328 10506241 -10409077 -159107 159106 -35092 -159103 159103 -2200619186350 2200619186350 11994 -23098 -10409078 -2200619096152 2200619096154 -159102 159107 -2200619186349 2200619186349 25641 -159099 194167 -169988 169988 -23076 159093 10407163 -10409191 10409191 2200618937041 10397199 -2200629475000 10398034 -10468726 70694 301 -2200629473275 2200617907430 30920 -2200629503994 -10409192 -159106 -2200619108144 2200619096155 -159098 -2200618937057 -2200618936806 2200619095914 35094 -159094 -72700 37632 10410037 -10410038 10410034 -10374941 -37591 135199 11984 23084 -23083 -11988 -37576 49557 11948 -11947 10398057 -10398055 -11987 -37623 37621 35070 194162 -72662 135189 -49832 37887 -147173 135187 -11946 -11982 -23086 -2200619058961 -48975 2200619178913 -159093 -37633 37631 10410033 -10374964 -35071 -15012 -2200618936829 3602464 2200615470134 -25618 11983 23086 -35070 23926 -183020 -37561 37560 25611 10381556 -10381554 -25608 25625 -25626 -9467 -2200619121527 2200619121525 21 9441 -9458 25609 -2200618913130 2200619034608 37615 25630 15 9443 -9443 -25627 35071 -9439 -25631 25610 -25611 -2200619088655 2200619025417 72465844802 -25610 25627 25612 -25606 11978 -2200619084158 2200619097804 -25623 25624 9469 -2200619122361 2200619108709 -11978 11979 -11980 25628 -25633 25633 25613 -2200619119697 2200619119695 -2200619122355 2200619122361 -2200619122367 2200619122354 -63525 49874 -13648 -13653 13655 -2200619121513 2200619121493 -63238 -2200619059100 -72465870414 72465870414 -63528 63513 -13635 -49878 63536 -63535 63531 -63533 63530 -49879 -49876 49878 49875 13638 -63513 63509 -63505 63508 -63511 -2200619034279 2200619034280 49873 -49871 95840 -3744277520 3744181681 -3744181681 3744181680 -3744181693 -3739760283 3754628922 -49873 -2200619058263 3744231655 -2200619122360 2200619122360 -13655 -13650 13657 -5556 13662 -13659 13653 -13647 13658 -2200619107861 2200619121510 13654 -2200619121515 -13634 13650 -2200619121492 2200619058265 63252 2200619122362 -2200619121551 2200619121550 -13640 13636 -5569 -12779518 -2200606419635 2200619204722 -2200619121509 13647 -51516 56910 8027 -11068 11069 -27056 -37882 37881 -37881 37883 13630 -13627 49615 10398051 10397196 -2200619108726 10397191 -117 -12010 25671 -2200619122397 25640 -37626 63273 -72465870434 72465870434 -2200619121574 2200619121582 -2200619122383 2200619122383 -2200619121581 2200619121581 -2200619122373 2200619122377 -13638 -12750186 12750189 37816 13627 -9081 -12702900 -38214 12750198 -12750189 12750188 -9083 9082 -1216969 1207886 -15085 -12750199 -9086 9085 -19173666 -1465996311565 1465996311559 182673 -1465996494619 19173666 -18990992 -1465996494211 1465996311537 182668 18990995 1465984145396 12348767 -500993 -1465995993211 1466015485276 -1466015485608 305 1466015485304 1790 12478631 12354557 -1466015487033 1466015487034 -519427 -1465995993544 1465995993545 -1465995993530 -96284 96285 -8980 8980 -24197 15216 -12741082 -2200606351187 2200619092270 8979 -12741088 12750070 -8981 -15216 -12750062 12741088 -2200606440856 -4489273 4444531 44744 -2200619104748 2200619104748 -44744 20565 -20559 20573 -20579 20554 -20574 20561 -20549 20552 -12529 2200619104812 20576 20563 -20560 20559 -20554 -2200619104749 2200619104764 16 -70192 70192 -2200619128487 -10409358 -4459268 -12022 12035 4494760 -23444 23475 -23474 3744255091 -35501 12037 -20558 20555 -20555 -12037 -2200619072153 2200619104751 -32599 32616 -32617 32597 -20577 2200619129296 -32618 32596 -2200619128508 2200619128507 -2200619104767 2200619104761 -20570 -12043 32599 -20556 -288223780699746032 288223780699746030 20579 -32619 12045 20557 -20573 20556 -2200619128492 2200619128487 -2200619128503 2200619128491 -2200619128466 2200619095856 -12033 12034 20580 32617 32613 -32614 -32598 -2200619128490 -12035 -2200619094042 2200619096703 32618 -20585 -12032 35503 -35499 12031 -12031 -35504 -12029 12030 32611 -32594 12027 32598 -32596 32594 -32593 -32590 32609 -20582 -12030 -32613 32595 20584 -2200619211529 2200619178930 -32606 -2200619096707 2200619129312 -2200619128467 2200619128469 -20580 2200619129313 -32607 32610 -37607 70217 -32608 32606 10377452 2200619211529 -32601 32590 -12514 -12027 12026 -12026 -12521 -20079 32600 -191665 2200619179076 -37598 73099 -2912 -32595 35476 -23452 37568 20080 135173 32591 12023 23453 135171 12025 23451 -35477 -2200619096043 2200619095880 35477 -23458 -2200618919662 2200619096027 -73029 -12018 12022 -12021 -2200619095881 12017 23459 -23457 -2200619096029 2200619096028 2200618977009 131720 11981 -11981 -11984 -2200619120031 2200619096029 -24005 -12153 36156 11474 -11471 -2200619202986 2200619214457 11471 24005 -11473 -11990 37819 11989 11987 23458 -11989 11988 -61556 61554 -36156 -10395173 -2200619077801 2200619077802 -24168 24168 11990 2200619070906 37815 -11983 20081 -20081 10389980 -10410060 10410059 -10447627 135169 -37825 37826 135167 -12025 -12509 12520 -20080 2200619199156 -8055 -171101 35501 -35502 -20078 -12154 194554 -636414 600937 -600935 600933 -2200619096705 2200619129301 -70739 38148 -38147 38146 -12023 47654 -194578 159076 20082 -159072 -100400 -10409101 -159083 159082 -35500 -159079 159079 -2200619186326 2200619186326 12018 12019 -23482 -10409102 -2200619096128 2200619096130 -159078 159083 -2200619186325 2200619186325 32593 -159075 194551 -23460 134895 10407187 -10409215 10409215 -2200629475001 -10397197 10398035 -10468727 10468726 -10409216 -159082 2200619096131 -159074 2200619095890 35502 -194570 159069 -37608 37608 10410058 -10374581 -35476 -10410057 10374561 -10374585 -37567 135175 12008 23468 -23468 -12012 -37552 12000 -37599 37597 35478 -159070 194546 -73046 135165 -159170 109364 -109362 135163 -11998 -23470 2200619178889 -159069 73085 10410057 -10374580 -35479 -15398 3587922 2200615471050 -20552 2918 -2914 -32570 24004 -183072 37537 32563 12006 32559 10374628 -10374626 -32560 32577 -32578 -2923 2916 -2897 -2200619128474 2200619128453 -32562 32560 -32561 32570 -12491 2200619092279 37591 32582 2899 -2899 -32579 35479 -2895 32562 -2200619095602 2200619063023 -70166 72465877340 32579 32564 -32558 2200619104732 -32576 32575 2925 -2200619129289 -12004 32580 -32585 32585 -32583 32565 -2200619126625 2200619055978 70645 -2200619129283 2200619129289 -2200619129295 2200619129282 -70645 70643 -20578 -20581 20583 -2200619128441 2200619128421 -72465877342 72465877342 -70648 70633 -20563 -50070 70656 -70655 70651 -70653 70650 -50071 50069 20582 50070 50067 20566 -70633 70629 -70625 70628 -70631 -2200619034087 2200619034088 50065 -50063 95808 -3744277301 3744277302 -3744277297 3744231549 -3744231550 -2196874919581 2196874919581 -2196874876956 2196874876956 -2196874833896 2200631360072 9177 -1906827 1906863 -1906455 1906429 82 -12303921 10397411 -10397411 -10397410 10397410 -3754628943 3744231532 -3744231532 -2196874919598 2200619151131 12303839 -1906429 -10397413 -2200619104893 39285 2200619065604 -3744231531 -2196874873358 2200619104890 -2200619065604 -39285 2200619065607 -3744231536 3744231536 12303842 -12303843 12303866 -12303863 10397408 -10397409 45745 -95807 -3744181501 -50065 -2200619058071 4471266 -2200619129288 2200619129288 -20583 20585 -12484 -20584 20590 -20587 20581 -20575 20586 2200619128444 -20576 -2200619128443 20578 -2200619128420 70180 2200619129290 -2200619128479 2200619128478 -20568 20564 -12497 -12779388 -2200606419765 2200619211650 -2200619128437 20575 -58366 56847 8037 -11092 11093 -27080 -37804 37803 -37803 37805 20558 -20557 -10398048 2200619108726 -12034 32623 -2200619129313 2200619129311 32592 -37602 70201 -72465877362 72465877362 2200619128510 -2200619129311 -2200619128501 2200619128509 -2200619129301 2200619129305 -20566 -12750056 12750059 44742 -8978 -12703182 12703181 11533089 1207990 -15189 -12750069 -8982 8981 -19492060 -1465995993159 1465995993160 -1465995993545 501103 -501102 19492066 -18990963 -1465996494240 1465995993137 501097 18990966 1465984145394 -502913 -1465995991291 -521347 -1465995991624 1465995991625 -1465995991610 -96286 96286 -9028 -15169 15168 9030 -12750124 -2200606351127 2200619092222 9027 -12741100 12750130 -9029 -15168 -12750122 12741100 -12741103 -2200606440796 2200619211110 -4488913 -2200614615473 2200619060004 44384 -44384 -10395152 -2200619077822 2200619098027 -20199 20213 -20219 20216 -22 -20192 20193 -20197 20209 -12152 2200619104452 -20214 20203 -20200 20199 -20194 20194 -2200619104389 2200619104404 
Potential of Offsets elements: 27.9904 27.9904 834.99 27.9904 27.9904 27.9904 27.9904 27.9904 36.9904 27.9904 27.9904 171.99 695.16 2295.99 1509.99 2309.12 27.9904 27.9904 27.9904 27.9904 27.9904 27.9904 27.9904 27.9904 27.9904 27.9904 51.9904 27.9904 27.9904 27.9904 27.9904 63.9904 27.9904 494.99 33.9904 27.9904 27.9904 623.99 27.9904 27.9904 27.9904 27.9904 27.9904 29.9904 27.9904 27.9904 27.9904 27.9904 1060.99 27.9904 27.9904 27.9904 27.9904 27.9904 27.9904 27.9904 33.9904 27.9904 27.9904 36.9904 33.9904 45.9904 82.9904 55.9904 45.9904 89.9904 177.99 117.99 45.9904 81.9904 42.9904 27.9904 27.9904 27.9904 73.9904 50.9904 55.9904 69.9904 30.9904 35.9904 27.9904 27.9904 27.9904 27.9904 27.9904 27.9904 28.9904 27.9904 29.9904 27.9904 27.9904 29.9904 27.9904 356.99 27.9904 27.9904 27.9904 27.9904 27.9904 27.9904 27.9904 27.9904 27.9904 27.9904 27.9904 27.9904 27.9904 27.9904 27.9904 506.99 27.9904 27.9904 27.9904 35.9904 27.9904 707.99 27.9904 27.9904 32.9904 27.9904 27.9904 27.9904 27.9904 27.9904 27.9904 27.9904 27.9904 27.9904 517.99 580.99 191.99 369.99 27.9904 27.9904 413.99 27.9904 27.9904 27.9904 27.9904 471.99 159.99 27.9904 27.9904 27.9904 27.9904 27.9904 27.9904 27.9904 27.9904 27.9904 27.9904 27.9904 27.9904 27.9904 27.9904 277.99 27.9904 27.9904 27.9904 27.9904 27.9904 27.9904 27.9904 27.9904 30.9904 27.9904 33.9904 27.9904 27.9904 33.9904 27.9904 27.9904 27.9904 27.9904 27.9904 43.9904 27.9904 29.9904 27.9904 27.9904 27.9904 27.9904 27.9904 27.9904 46.9904 27.9904 27.9904 27.9904 27.9904 27.9904 27.9904 192.99 50.9904 27.9904 27.9904 27.9904 27.9904 27.9904 27.9904 402.99 27.9904 27.9904 27.9904 27.9904 321.99 27.9904 27.9904 27.9904 27.9904 27.9904 666.99 27.9904 27.9904 27.9904 27.9904 27.9904 27.9904 27.9904 27.9904 27.9904 287.99 27.9904 27.9904 27.9904 27.9904 27.9904 302.99 547.99 27.9904 27.9904 27.9904 55.9904 164.99 277.99 27.9904 27.9904 27.9904 27.9904 27.9904 27.9904 27.9904 27.9904 151.99 27.9904 27.9904 27.9904 27.9904 27.9904 27.9904 27.9904 27.9904 27.9904 27.9904 27.9904 27.9904 592.99 27.9904 27.9904 27.9904 27.9904 27.9904 27.9904 209.99 27.9904 27.9904 27.9904 27.9904 27.9904 27.9904 27.9904 27.9904 27.9904 27.9904 27.9904 27.9904 27.9904 225.99 518.99 62.9904 27.9904 27.9904 27.9904 27.9904 27.9904 260.99 27.9904 27.9904 27.9904 27.9904 27.9904 27.9904 27.9904 27.9904 27.9904 27.9904 27.9904 27.9904 27.9904 27.9904 27.9904 27.9904 27.9904 516.99 27.9904 27.9904 27.9904 27.9904 27.9904 27.9904 27.9904 27.9904 27.9904 27.9904 27.9904 27.9904 27.9904 27.9904 27.9904 27.9904 443.99 27.9904 27.9904 27.9904 27.9904 27.9904 27.9904 27.9904 27.9904 27.9904 27.9904 31.9904 27.9904 27.9904 27.9904 27.9904 27.9904 27.9904 28.9904 27.9904 62.9904 27.9904 30.9904 44.9904 27.9904 27.9904 27.9904 27.9904 39.9904 55.9904 27.9904 167.99 27.9904 27.9904 28.9904 27.9904 27.9904 27.9904 46.9904 27.9904 67.9904 27.9904 27.9904 27.9904 27.9904 27.9904 27.9904 27.9904 27.9904 27.9904 27.9904 27.9904 27.9904 27.9904 27.9904 27.9904 27.9904 27.9904 27.9904 27.9904 27.9904 27.9904 27.9904 27.9904 27.9904 27.9904 27.9904 27.9904 37.9904 27.9904 27.9904 27.9904 380.99 35.9904 27.9904 27.9904 27.9904 27.9904 101.99 27.9904 27.9904 57.9904 27.9904 27.9904 27.9904 27.9904 27.9904 52.9904 27.9904 27.9904 27.9904 27.9904 35.9904 35.9904 27.9904 27.9904 27.9904 27.9904 27.9904 27.9904 27.9904 27.9904 31.9904 27.9904 27.9904 27.9904 27.9904 27.9904 27.9904 27.9904 27.9904 27.9904 27.9904 27.9904 27.9904 27.9904 27.9904 27.9904 27.9904 27.9904 27.9904 27.9904 27.9904 27.9904 27.9904 27.9904 27.9904 27.9904 27.9904 27.9904 27.9904 27.9904 27.9904 27.9904 27.9904 27.9904 27.9904 27.9904 27.9904 27.9904 27.9904 27.9904 27.9904 27.9904 27.9904 27.9904 27.9904 27.9904 27.9904 27.9904 27.9904 27.9904 27.9904 27.9904 27.9904 27.9904 27.9904 27.9904 27.9904 27.9904 27.9904 27.9904 27.9904 27.9904 27.9904 27.9904 27.9904 27.9904 27.9904 27.9904 27.9904 27.9904 27.9904 27.9904 27.9904 27.9904 27.9904 27.9904 27.9904 27.9904 123.99 27.9904 27.9904 27.9904 27.9904 27.9904 27.9904 27.9904 27.9904 27.9904 28.9904 27.9904 32.9904 27.9904 28.9904 27.9904 32.9904 77.9904 31.9904 31.9904 47.9904 27.9904 27.9904 37.9904 105.99 27.9904 41.9904 27.9904 27.9904 27.9904 27.9904 27.9904 87.9904 27.9904 27.9904 27.9904 27.9904 27.9904 33.9904 57.9904 117.99 27.9904 27.9904 27.9904 27.9904 27.9904 27.9904 27.9904 27.9904 27.9904 27.9904 27.9904 27.9904 27.9904 27.9904 33.9904 27.9904 27.9904 27.9904 27.9904 27.9904 71.9904 27.9904 27.9904 33.9904 27.9904 37.9904 27.9904 27.9904 27.9904 27.9904 27.9904 27.9904 27.9904 27.9904 27.9904 31.9904 27.9904 27.9904 27.9904 27.9904 27.9904 27.9904 27.9904 27.9904 46.9904 27.9904 27.9904 27.9904 27.9904 27.9904 29.9904 27.9904 27.9904 27.9904 27.9904 27.9904 27.9904 27.9904 60.9904 43.9904 42.9904 27.9904 27.9904 27.9904 27.9904 70.9904 27.9904 27.9904 27.9904 27.9904 27.9904 27.9904 27.9904 27.9904 27.9904 27.9904 27.9904 27.9904 27.9904 27.9904 27.9904 27.9904 27.9904 27.9904 27.9904 27.9904 27.9904 27.9904 27.9904 27.9904 27.9904 27.9904 27.9904 27.9904 27.9904 27.9904 27.9904 27.9904 27.9904 27.9904 27.9904 27.9904 27.9904 27.9904 27.9904 27.9904 27.9904 27.9904 27.9904 27.9904 380.99 27.9904 27.9904 27.9904 27.9904 27.9904 27.9904 27.9904 27.9904 564.99 27.9904 27.9904 27.9904 27.9904 27.9904 27.9904 27.9904 27.9904 27.9904 27.9904 27.9904 27.9904 27.9904 61.9904 27.9904 27.9904 27.9904 27.9904 27.9904 264.99 27.9904 27.9904 27.9904 27.9904 27.9904 27.9904 27.9904 27.9904 27.9904 27.9904 27.9904 27.9904 27.9904 27.9904 27.9904 27.9904 27.9904 27.9904 27.9904 27.9904 27.9904 27.9904 27.9904 27.9904 27.9904 27.9904 27.9904 27.9904 27.9904 27.9904 27.9904 37.9904 27.9904 27.9904 27.9904 27.9904 35.9904 27.9904 27.9904 27.9904 27.9904 27.9904 33.9904 27.9904 27.9904 33.9904 27.9904 27.9904 521.99 27.9904 27.9904 27.9904 27.9904 65.9904 53.9904 27.9904 27.9904 27.9904 383.99 35.9904 27.9904 27.9904 27.9904 51.9904 27.9904 27.9904 27.9904 27.9904 410.99 27.9904 27.9904 27.9904 27.9904 87.9904 27.9904 28.9904 27.9904 187.99 27.9904 27.9904 29.9904 110.99 27.9904 893.99 27.9904 27.9904 32.9904 27.9904 27.9904 27.9904 27.9904 27.9904 27.9904 27.9904 27.9904 27.9904 27.9904 27.9904 27.9904 27.9904 27.9904 27.9904 27.9904 27.9904 27.9904 27.9904 27.9904 43.9904 27.9904 27.9904 27.9904 27.9904 27.9904 27.9904 27.9904 27.9904 27.9904 27.9904 27.9904 27.9904 27.9904 27.9904 27.9904 28.9904 28.9904 27.9904 27.9904 27.9904 27.9904 27.9904 27.9904 27.9904 27.9904 27.9904 27.9904 27.9904 27.9904 27.9904 27.9904 27.9904 27.9904 27.9904 27.9904 27.9904 27.9904 27.9904 27.9904 27.9904 27.9904 27.9904 27.9904 27.9904 27.9904 27.9904 31.9904 27.9904 27.9904 27.9904 27.9904 27.9904 27.9904 27.9904 27.9904 27.9904 27.9904 27.9904 27.9904 28.9904 27.9904 27.9904 27.9904 27.9904 27.9904 75.9904 45.9904 31.9904 57.9904 84.9904 48.9904 63.9904 37.9904 181.99 87.9904 703.99 119.99 59.9904 31.9904 39.9904 50.9904 30.9904 29.9904 27.9904 27.9904 27.9904 27.9904 27.9904 41.9904 27.9904 27.9904 27.9904 27.9904 27.9904 27.9904 27.9904 27.9904 27.9904 27.9904 27.9904 27.9904 27.9904 27.9904 27.9904 27.9904 27.9904 33.9904 27.9904 27.9904 39.9904 27.9904 27.9904 27.9904 27.9904 27.9904 27.9904 27.9904 750.99 27.9904 27.9904 27.9904 27.9904 27.9904 27.9904 31.9904 27.9904 27.9904 27.9904 27.9904 27.9904 27.9904 27.9904 27.9904 34.9904 27.9904 27.9904 27.9904 32.9904 31.9904 27.9904 27.9904 27.9904 119.99 27.9904 29.9904 27.9904 27.9904 36.9904 27.9904 27.9904 139.99 27.9904 53.9904 27.9904 27.9904 27.9904 37.9904 27.9904 27.9904 27.9904 27.9904 27.9904 27.9904 27.9904 27.9904 27.9904 27.9904 27.9904 27.9904 27.9904 27.9904 27.9904 27.9904 27.9904 27.9904 27.9904 27.9904 27.9904 27.9904 27.9904 27.9904 61.9904 27.9904 27.9904 27.9904 27.9904 27.9904 27.9904 27.9904 27.9904 27.9904 27.9904 27.9904 27.9904 27.9904 27.9904 27.9904 27.9904 27.9904 27.9904 27.9904 27.9904 27.9904 27.9904 27.9904 27.9904 27.9904 27.9904 27.9904 27.9904 27.9904 27.9904 27.9904 27.9904 27.9904 27.9904 27.9904 27.9904 27.9904 27.9904 27.9904 27.9904 27.9904 27.9904 27.9904 27.9904 27.9904 27.9904 27.9904 27.9904 27.9904 27.9904 27.9904 27.9904 27.9904 27.9904 27.9904 27.9904 36.9904 27.9904 27.9904 27.9904 27.9904 27.9904 27.9904 27.9904 27.9904 27.9904 27.9904 27.9904 27.9904 27.9904 27.9904 27.9904 27.9904 27.9904 27.9904 27.9904 27.9904 27.9904 155.99 27.9904 27.9904 27.9904 27.9904 27.9904 27.9904 27.9904 27.9904 27.9904 27.9904 27.9904 27.9904 27.9904 27.9904 27.9904 27.9904 27.9904 37.9904 27.9904 36.9904 27.9904 27.9904 27.9904 27.9904 27.9904 193.99 27.9904 27.9904 188.99 33.9904 27.9904 27.9904 27.9904 27.9904 27.9904 27.9904 27.9904 27.9904 27.9904 27.9904 295.99 31.9904 27.9904 27.9904 27.9904 27.9904 27.9904 27.9904 27.9904 27.9904 27.9904 27.9904 27.9904 27.9904 28.9904 27.9904 27.9904 27.9904 27.9904 27.9904 27.9904 27.9904 27.9904 27.9904 27.9904 27.9904 99.9904 27.9904 27.9904 27.9904 27.9904 27.9904 27.9904 27.9904 27.9904 27.9904 27.9904 27.9904 30.9904 37.9904 27.9904 27.9904 27.9904 27.9904 36.9904 27.9904 27.9904 27.9904 27.9904 33.9904 28.9904 29.9904 27.9904 27.9904 27.9904 27.9904 27.9904 39.9904 32.9904 27.9904 27.9904 27.9904 27.9904 27.9904 27.9904 27.9904 27.9904 27.9904 27.9904 27.9904 27.9904 27.9904 27.9904 27.9904 27.9904 27.9904 27.9904 27.9904 27.9904 27.9904 27.9904 27.9904 27.9904 27.9904 27.9904 27.9904 27.9904 27.9904 27.9904 27.9904 27.9904 27.9904 27.9904 27.9904 27.9904 27.9904 27.9904 27.9904 27.9904 27.9904 27.9904 27.9904 27.9904 27.9904 27.9904 27.9904 27.9904 27.9904 27.9904 27.9904 27.9904 27.9904 27.9904 43.9904 27.9904 27.9904 28.9904 27.9904 27.9904 27.9904 27.9904 27.9904 27.9904 27.9904 27.9904 27.9904 27.9904 27.9904 27.9904 27.9904 27.9904 27.9904 27.9904 27.9904 27.9904 27.9904 27.9904 27.9904 27.9904 27.9904 27.9904 27.9904 27.9904 27.9904 27.9904 27.9904 27.9904 27.9904 27.9904 27.9904 27.9904 27.9904 27.9904 27.9904 27.9904 27.9904 27.9904 41.9904 131.99 27.9904 27.9904 27.9904 27.9904 27.9904 27.9904 27.9904 27.9904 27.9904 27.9904 27.9904 34.9904 27.9904 27.9904 27.9904 27.9904 27.9904 27.9904 27.9904 27.9904 27.9904 27.9904 27.9904 27.9904 27.9904 27.9904 27.9904 27.9904 27.9904 27.9904 27.9904 182.99 27.9904 27.9904 27.9904 33.9904 27.9904 27.9904 27.9904 530.99 27.9904 27.9904 27.9904 27.9904 27.9904 27.9904 27.9904 27.9904 27.9904 27.9904 27.9904 27.9904 27.9904 27.9904 27.9904 27.9904 54.9904 27.9904 610.99 43.9904 27.9904 27.9904 99.9904 27.9904 27.9904 27.9904 27.9904 27.9904 27.9904 27.9904 27.9904 27.9904 29.9904 27.9904 27.9904 27.9904 27.9904 27.9904 219.99 935.99 191.99 27.9904 27.9904 27.9904 27.9904 27.9904 27.9904 27.9904 27.9904 27.9904 27.9904 27.9904 27.9904 27.9904 27.9904 27.9904 27.9904 27.9904 27.9904 27.9904 27.9904 27.9904 27.9904 27.9904 27.9904 27.9904 27.9904 27.9904 27.9904 27.9904 27.9904 27.9904 27.9904 27.9904 27.9904 27.9904 27.9904 27.9904 27.9904 27.9904 27.9904 27.9904 27.9904 27.9904 27.9904 27.9904 27.9904 27.9904 27.9904 27.9904 27.9904 27.9904 27.9904 27.9904 27.9904 27.9904 27.9904 27.9904 27.9904 27.9904 27.9904 27.9904 27.9904 27.9904 27.9904 27.9904 27.9904 27.9904 27.9904 27.9904 27.9904 27.9904 27.9904 27.9904 27.9904 27.9904 27.9904 27.9904 27.9904 27.9904 27.9904 27.9904 27.9904 27.9904 27.9904 27.9904 27.9904 27.9904 27.9904 27.9904 27.9904 27.9904 27.9904 27.9904 27.9904 27.9904 27.9904 27.9904 27.9904 30.9904 27.9904 27.9904 27.9904 27.9904 27.9904 27.9904 27.9904 27.9904 27.9904 27.9904 27.9904 27.9904 27.9904 27.9904 27.9904 27.9904 27.9904 27.9904 27.9904 27.9904 27.9904 27.9904 27.9904 83.9904 27.9904 27.9904 27.9904 27.9904 27.9904 27.9904 27.9904 27.9904 27.9904 27.9904 27.9904 27.9904 27.9904 27.9904 27.9904 27.9904 27.9904 51.9904 27.9904 27.9904 32.9904 27.9904 30.9904 27.9904 27.9904 27.9904 27.9904 27.9904 27.9904 27.9904 27.9904 57.9904 27.9904 27.9904 27.9904 27.9904 27.9904 27.9904 27.9904 27.9904 27.9904 27.9904 27.9904 27.9904 27.9904 27.9904 27.9904 27.9904 27.9904 27.9904 27.9904 27.9904 27.9904 27.9904 27.9904 27.9904 27.9904 27.9904 27.9904 27.9904 27.9904 27.9904 27.9904 57.9904 27.9904 27.9904 27.9904 27.9904 27.9904 27.9904 111.99 27.9904 27.9904 27.9904 27.9904 27.9904 27.9904 27.9904 27.9904 27.9904 27.9904 27.9904 27.9904 27.9904 27.9904 27.9904 27.9904 27.9904 27.9904 27.9904 27.9904 27.9904 27.9904 27.9904 27.9904 27.9904 27.9904 27.9904 27.9904 27.9904 27.9904 27.9904 27.9904 27.9904 27.9904 27.9904 27.9904 27.9904 27.9904 27.9904 27.9904 27.9904 27.9904 27.9904 27.9904 27.9904 27.9904 27.9904 27.9904 27.9904 27.9904 27.9904 27.9904 27.9904 27.9904 27.9904 27.9904 27.9904 27.9904 27.9904 27.9904 27.9904 27.9904 27.9904 27.9904 27.9904 27.9904 27.9904 27.9904 27.9904 27.9904 27.9904 27.9904 27.9904 27.9904 27.9904 27.9904 27.9904 27.9904 27.9904 27.9904 27.9904 27.9904 27.9904 27.9904 558.99 27.9904 27.9904 27.9904 27.9904 27.9904 27.9904 27.9904 27.9904 27.9904 27.9904 27.9904 27.9904 27.9904 27.9904 27.9904 27.9904 27.9904 27.9904 27.9904 27.9904 27.9904 27.9904 27.9904 27.9904 27.9904 27.9904 27.9904 27.9904 27.9904 27.9904 27.9904 27.9904 27.9904 27.9904 27.9904 27.9904 27.9904 27.9904 27.9904 27.9904 27.9904 27.9904 95.9904 27.9904 27.9904 27.9904 27.9904 27.9904 27.9904 27.9904 27.9904 37.9904 27.9904 27.9904 27.9904 27.9904 225.99 33.9904 27.9904 27.9904 27.9904 27.9904 27.9904 27.9904 27.9904 27.9904 27.9904 27.9904 27.9904 27.9904 27.9904 27.9904 27.9904 27.9904 27.9904 27.9904 27.9904 42.9904 27.9904 27.9904 27.9904 27.9904 27.9904 27.9904 27.9904 27.9904 27.9904 27.9904 27.9904 27.9904 44.9904 27.9904 27.9904 27.9904 27.9904 27.9904 27.9904 27.9904 27.9904 27.9904 27.9904 27.9904 27.9904 27.9904 27.9904 27.9904 27.9904 27.9904 27.9904 27.9904 27.9904 27.9904 27.9904 27.9904 27.9904 27.9904 27.9904 27.9904 27.9904 27.9904 27.9904 27.9904 27.9904 27.9904 27.9904 27.9904 27.9904 27.9904 27.9904 27.9904 27.9904 27.9904 45.9904 27.9904 27.9904 27.9904 27.9904 27.9904 27.9904 27.9904 27.9904 27.9904 27.9904 27.9904 27.9904 27.9904 27.9904 27.9904 27.9904 27.9904 27.9904 27.9904 27.9904 27.9904 27.9904 27.9904 27.9904 27.9904 27.9904 27.9904 27.9904 27.9904 27.9904 27.9904 27.9904 27.9904 27.9904 27.9904 27.9904 27.9904 27.9904 27.9904 27.9904 27.9904 27.9904 27.9904 27.9904 27.9904 27.9904 27.9904 27.9904 27.9904 27.9904 27.9904 27.9904 27.9904 27.9904 27.9904 27.9904 44.9904 27.9904 27.9904 27.9904 27.9904 27.9904 27.9904 27.9904 27.9904 27.9904 27.9904 27.9904 27.9904 27.9904 27.9904 27.9904 27.9904 27.9904 27.9904 27.9904 27.9904 27.9904 27.9904 27.9904 27.9904 27.9904 27.9904 27.9904 27.9904 27.9904 27.9904 27.9904 27.9904 27.9904 27.9904 27.9904 54.9904 27.9904 27.9904 27.9904 27.9904 57.9904 27.9904 27.9904 27.9904 27.9904 27.9904 37.9904 27.9904 27.9904 27.9904 27.9904 27.9904 27.9904 27.9904 27.9904 27.9904 27.9904 27.9904 27.9904 27.9904 27.9904 27.9904 27.9904 27.9904 27.9904 27.9904 27.9904 27.9904 27.9904 27.9904 27.9904 27.9904 27.9904 27.9904 27.9904 27.9904 27.9904 27.9904 27.9904 27.9904 27.9904 27.9904 27.9904 27.9904 27.9904 27.9904 27.9904 27.9904 27.9904 27.9904 27.9904 27.9904 27.9904 27.9904 27.9904 27.9904 27.9904 27.9904 27.9904 27.9904 27.9904 27.9904 27.9904 27.9904 27.9904 27.9904 27.9904 27.9904 27.9904 27.9904 27.9904 27.9904 27.9904 27.9904 27.9904 27.9904 27.9904 27.9904 27.9904 27.9904 27.9904 27.9904 27.9904 27.9904 27.9904 27.9904 27.9904 27.9904 27.9904 27.9904 27.9904 27.9904 27.9904 27.9904 27.9904 27.9904 27.9904 27.9904 27.9904 27.9904 27.9904 27.9904 36.9904 27.9904 27.9904 27.9904 27.9904 27.9904 27.9904 27.9904 27.9904 27.9904 27.9904 27.9904 27.9904 27.9904 27.9904 27.9904 27.9904 27.9904 27.9904 27.9904 27.9904 27.9904 27.9904 27.9904 27.9904 27.9904 27.9904 27.9904 27.9904 27.9904 27.9904 27.9904 27.9904 27.9904 27.9904 27.9904 27.9904 27.9904 27.9904 27.9904 27.9904 27.9904 27.9904 27.9904 27.9904 27.9904 27.9904 27.9904 27.9904 27.9904 27.9904 27.9904 27.9904 27.9904 27.9904 27.9904 35.9904 27.9904 27.9904 27.9904 31.9904 27.9904 27.9904 27.9904 27.9904 27.9904 48.9904 79.9904 27.9904 27.9904 27.9904 27.9904 27.9904 27.9904 27.9904 27.9904 27.9904 27.9904 27.9904 27.9904 27.9904 27.9904 27.9904 27.9904 27.9904 27.9904 27.9904 27.9904 27.9904 27.9904 27.9904 27.9904 27.9904 27.9904 27.9904 27.9904 27.9904 27.9904 27.9904 27.9904 27.9904 27.9904 27.9904 27.9904 27.9904 27.9904 27.9904 27.9904 27.9904 27.9904 27.9904 27.9904 27.9904 27.9904 27.9904 27.9904 27.9904 27.9904 27.9904 27.9904 30.9904 27.9904 27.9904 27.9904 27.9904 27.9904 27.9904 27.9904 27.9904 27.9904 27.9904 27.9904 27.9904 27.9904 27.9904 27.9904 32.9904 27.9904 27.9904 29.9904 36.9904 27.9904 27.9904 27.9904 27.9904 27.9904 462.99 27.9904 27.9904 27.9904 27.9904 27.9904 27.9904 27.9904 27.9904 27.9904 27.9904 27.9904 27.9904 27.9904 27.9904 
rewards of Offsets elements: 0 0 807 0 0 0 0 0 9 0 0 144 679 2268 1482 2309 0 0 0 0 0 0 0 0 0 0 24 0 0 0 0 36 0 467 6 0 0 596 0 0 0 0 0 2 0 0 0 0 1033 0 0 0 0 0 0 0 6 0 0 9 6 18 55 28 18 62 150 90 18 54 15 0 0 0 46 23 28 42 3 8 0 0 0 0 0 0 1 0 2 0 0 2 0 329 0 0 0 0 0 0 0 0 0 0 0 0 0 0 0 479 0 0 0 8 0 680 0 0 5 0 0 0 0 0 0 0 0 0 490 553 164 342 0 0 386 0 0 0 0 444 132 0 0 0 0 0 0 0 0 0 0 0 0 0 0 250 0 0 0 0 0 0 0 0 3 0 6 0 0 6 0 0 0 0 0 16 0 2 0 0 0 0 0 0 19 0 0 0 0 0 0 165 23 0 0 0 0 0 0 375 0 0 0 0 294 0 0 0 0 0 639 0 0 0 0 0 0 0 0 0 260 0 0 0 0 0 275 520 0 0 0 28 137 250 0 0 0 0 0 0 0 0 124 0 0 0 0 0 0 0 0 0 0 0 0 565 0 0 0 0 0 0 182 0 0 0 0 0 0 0 0 0 0 0 0 0 198 491 35 0 0 0 0 0 233 0 0 0 0 0 0 0 0 0 0 0 0 0 0 0 0 0 489 0 0 0 0 0 0 0 0 0 0 0 0 0 0 0 0 416 0 0 0 0 0 0 0 0 0 0 4 0 0 0 0 0 0 1 0 35 0 3 17 0 0 0 0 12 28 0 140 0 0 1 0 0 0 19 0 40 0 0 0 0 0 0 0 0 0 0 0 0 0 0 0 0 0 0 0 0 0 0 0 0 0 0 0 10 0 0 0 353 8 0 0 0 0 74 0 0 30 0 0 0 0 0 25 0 0 0 0 8 8 0 0 0 0 0 0 0 0 4 0 0 0 0 0 0 0 0 0 0 0 0 0 0 0 0 0 0 0 0 0 0 0 0 0 0 0 0 0 0 0 0 0 0 0 0 0 0 0 0 0 0 0 0 0 0 0 0 0 0 0 0 0 0 0 0 0 0 0 0 0 0 0 0 0 0 0 0 0 0 0 0 0 0 0 0 0 96 0 0 0 0 0 0 0 0 0 1 0 5 0 1 0 5 50 4 4 20 0 0 10 78 0 14 0 0 0 0 0 60 0 0 0 0 0 6 30 90 0 0 0 0 0 0 0 0 0 0 0 0 0 0 6 0 0 0 0 0 44 0 0 6 0 10 0 0 0 0 0 0 0 0 0 4 0 0 0 0 0 0 0 0 19 0 0 0 0 0 2 0 0 0 0 0 0 0 33 16 15 0 0 0 0 43 0 0 0 0 0 0 0 0 0 0 0 0 0 0 0 0 0 0 0 0 0 0 0 0 0 0 0 0 0 0 0 0 0 0 0 0 0 0 0 0 0 0 0 0 353 0 0 0 0 0 0 0 0 537 0 0 0 0 0 0 0 0 0 0 0 0 0 34 0 0 0 0 0 237 0 0 0 0 0 0 0 0 0 0 0 0 0 0 0 0 0 0 0 0 0 0 0 0 0 0 0 0 0 0 0 10 0 0 0 0 8 0 0 0 0 0 6 0 0 6 0 0 494 0 0 0 0 38 26 0 0 0 356 8 0 0 0 24 0 0 0 0 383 0 0 0 0 60 0 1 0 160 0 0 2 83 0 866 0 0 5 0 0 0 0 0 0 0 0 0 0 0 0 0 0 0 0 0 0 0 0 16 0 0 0 0 0 0 0 0 0 0 0 0 0 0 0 1 1 0 0 0 0 0 0 0 0 0 0 0 0 0 0 0 0 0 0 0 0 0 0 0 0 0 0 0 0 0 4 0 0 0 0 0 0 0 0 0 0 0 0 1 0 0 0 0 0 48 18 4 30 57 21 36 10 154 60 676 92 32 4 12 23 3 2 0 0 0 0 0 14 0 0 0 0 0 0 0 0 0 0 0 0 0 0 0 0 0 6 0 0 12 0 0 0 0 0 0 0 723 0 0 0 0 0 0 4 0 0 0 0 0 0 0 0 7 0 0 0 5 4 0 0 0 92 0 2 0 0 9 0 0 112 0 26 0 0 0 10 0 0 0 0 0 0 0 0 0 0 0 0 0 0 0 0 0 0 0 0 0 0 0 0 34 0 0 0 0 0 0 0 0 0 0 0 0 0 0 0 0 0 0 0 0 0 0 0 0 0 0 0 0 0 0 0 0 0 0 0 0 0 0 0 0 0 0 0 0 0 0 0 0 0 0 0 0 0 0 0 0 9 0 0 0 0 0 0 0 0 0 0 0 0 0 0 0 0 0 0 0 0 0 128 0 0 0 0 0 0 0 0 0 0 0 0 0 0 0 0 0 10 0 9 0 0 0 0 0 166 0 0 161 6 0 0 0 0 0 0 0 0 0 0 268 4 0 0 0 0 0 0 0 0 0 0 0 0 1 0 0 0 0 0 0 0 0 0 0 0 72 0 0 0 0 0 0 0 0 0 0 0 3 10 0 0 0 0 9 0 0 0 0 6 1 2 0 0 0 0 0 12 5 0 0 0 0 0 0 0 0 0 0 0 0 0 0 0 0 0 0 0 0 0 0 0 0 0 0 0 0 0 0 0 0 0 0 0 0 0 0 0 0 0 0 0 0 0 0 0 0 0 0 0 0 0 0 16 0 0 1 0 0 0 0 0 0 0 0 0 0 0 0 0 0 0 0 0 0 0 0 0 0 0 0 0 0 0 0 0 0 0 0 0 0 0 0 0 0 0 0 14 104 0 0 0 0 0 0 0 0 0 0 0 7 0 0 0 0 0 0 0 0 0 0 0 0 0 0 0 0 0 0 0 155 0 0 0 6 0 0 0 503 0 0 0 0 0 0 0 0 0 0 0 0 0 0 0 0 27 0 583 16 0 0 72 0 0 0 0 0 0 0 0 0 2 0 0 0 0 0 192 908 164 0 0 0 0 0 0 0 0 0 0 0 0 0 0 0 0 0 0 0 0 0 0 0 0 0 0 0 0 0 0 0 0 0 0 0 0 0 0 0 0 0 0 0 0 0 0 0 0 0 0 0 0 0 0 0 0 0 0 0 0 0 0 0 0 0 0 0 0 0 0 0 0 0 0 0 0 0 0 0 0 0 0 0 0 0 0 0 0 0 0 0 0 0 0 0 0 0 0 3 0 0 0 0 0 0 0 0 0 0 0 0 0 0 0 0 0 0 0 0 0 0 0 56 0 0 0 0 0 0 0 0 0 0 0 0 0 0 0 0 0 24 0 0 5 0 3 0 0 0 0 0 0 0 0 30 0 0 0 0 0 0 0 0 0 0 0 0 0 0 0 0 0 0 0 0 0 0 0 0 0 0 0 0 0 0 0 30 0 0 0 0 0 0 84 0 0 0 0 0 0 0 0 0 0 0 0 0 0 0 0 0 0 0 0 0 0 0 0 0 0 0 0 0 0 0 0 0 0 0 0 0 0 0 0 0 0 0 0 0 0 0 0 0 0 0 0 0 0 0 0 0 0 0 0 0 0 0 0 0 0 0 0 0 0 0 0 0 0 0 0 0 0 0 0 0 0 0 0 531 0 0 0 0 0 0 0 0 0 0 0 0 0 0 0 0 0 0 0 0 0 0 0 0 0 0 0 0 0 0 0 0 0 0 0 0 0 0 0 0 0 0 68 0 0 0 0 0 0 0 0 10 0 0 0 0 198 6 0 0 0 0 0 0 0 0 0 0 0 0 0 0 0 0 0 0 0 15 0 0 0 0 0 0 0 0 0 0 0 0 17 0 0 0 0 0 0 0 0 0 0 0 0 0 0 0 0 0 0 0 0 0 0 0 0 0 0 0 0 0 0 0 0 0 0 0 0 0 0 0 0 0 18 0 0 0 0 0 0 0 0 0 0 0 0 0 0 0 0 0 0 0 0 0 0 0 0 0 0 0 0 0 0 0 0 0 0 0 0 0 0 0 0 0 0 0 0 0 0 0 0 0 0 0 0 0 0 0 0 17 0 0 0 0 0 0 0 0 0 0 0 0 0 0 0 0 0 0 0 0 0 0 0 0 0 0 0 0 0 0 0 0 0 0 0 27 0 0 0 0 30 0 0 0 0 0 10 0 0 0 0 0 0 0 0 0 0 0 0 0 0 0 0 0 0 0 0 0 0 0 0 0 0 0 0 0 0 0 0 0 0 0 0 0 0 0 0 0 0 0 0 0 0 0 0 0 0 0 0 0 0 0 0 0 0 0 0 0 0 0 0 0 0 0 0 0 0 0 0 0 0 0 0 0 0 0 0 0 0 0 0 0 0 0 0 0 0 0 0 0 0 0 9 0 0 0 0 0 0 0 0 0 0 0 0 0 0 0 0 0 0 0 0 0 0 0 0 0 0 0 0 0 0 0 0 0 0 0 0 0 0 0 0 0 0 0 0 0 0 0 0 0 0 0 0 0 0 0 8 0 0 0 4 0 0 0 0 0 21 52 0 0 0 0 0 0 0 0 0 0 0 0 0 0 0 0 0 0 0 0 0 0 0 0 0 0 0 0 0 0 0 0 0 0 0 0 0 0 0 0 0 0 0 0 0 0 0 0 0 0 0 0 3 0 0 0 0 0 0 0 0 0 0 0 0 0 0 0 5 0 0 2 9 0 0 0 0 0 435 0 0 0 0 0 0 0 0 0 0 0 0 0 0 Printing Sanity3
offset_index value2101
offset list size2101
reward size2101
potential size2101
-----------------------------------------------------------------------------------------------------------------------------------------------------------------------------------------------------

DRAM Statistics
 CHANNEL 0
 RQ ROW_BUFFER_HIT:    1867486  ROW_BUFFER_MISS:    2085256
 DBUS_CONGESTED:       2486
 WQ ROW_BUFFER_HIT:     525571  ROW_BUFFER_MISS:    2146746  FULL:      64028

 AVG_CONGESTED_CYCLE: 3
 All warmup complete: 2
Channel 0 Bank busy for read cycles: 0
Channel 0 Bank busy for write cycles: 0
Channel 0
Rank 0
0banks busy for read cycles: 166440978
0banks busy for write cycles: 257831
1banks busy for read cycles: 32447563
1banks busy for write cycles: 34702478
2banks busy for read cycles: 12047340
2banks busy for write cycles: 14038553
3banks busy for read cycles: 15634415
3banks busy for write cycles: 7023234
4banks busy for read cycles: 6165109
4banks busy for write cycles: 4698082
5banks busy for read cycles: 4864996
5banks busy for write cycles: 3629007
6banks busy for read cycles: 5603080
6banks busy for write cycles: 3551818
7banks busy for read cycles: 7182397
7banks busy for write cycles: 5837962
8banks busy for read cycles: 22155506
8banks busy for write cycles: 34284188

CPU 0 Branch Prediction Accuracy: 99.9491% MPKI: 0.077685 Average ROB Occupancy at Mispredict: 124.345
Branch types
NOT_BRANCH: 169475776 84.7379%
BRANCH_DIRECT_JUMP: 1658498 0.829249%
BRANCH_INDIRECT: 9965680 4.98284%
BRANCH_CONDITIONAL: 12076911 6.03846%
BRANCH_DIRECT_CALL: 2819430 1.40971%
BRANCH_INDIRECT_CALL: 592212 0.296106%
BRANCH_RETURN: 3411709 1.70585%
BRANCH_OTHER: 0 0%

DRAM PAGES: 1048576
Allocated PAGES: 8372
