
*** ChampSim Multicore Out-of-Order Simulator ***

Warmup Instructions: 50000000
Simulation Instructions: 200000000
Number of CPUs: 1
LLC sets: 2048
LLC ways: 16
Off-chip DRAM Size: 4096 MB Channels: 1 Width: 64-bit Data Rate: 6400 MT/s
CPU 0 runs traces/spec2k17/srv_53.champsimtrace.xz
.xz
BTB has LRU replacement policy
ITLB has LRU replacement policy
DTLB has LRU replacement policy
STLB has LRU replacement policy
L1I has LRU replacement policy
L1D has LRU replacement policy
Initialize SRRIP state for L2C
Initialize DRRIP state for LLC
Heartbeat CPU 0 instructions: 10000002 cycles: 2950534 heartbeat IPC: 3.38922 cumulative IPC: 3.38922 (Simulation time: 0 hr 0 min 34 sec) 
Heartbeat CPU 0 instructions: 20000002 cycles: 5895265 heartbeat IPC: 3.3959 cumulative IPC: 3.39255 (Simulation time: 0 hr 1 min 7 sec) 
Heartbeat CPU 0 instructions: 30000001 cycles: 8848257 heartbeat IPC: 3.3864 cumulative IPC: 3.3905 (Simulation time: 0 hr 1 min 41 sec) 
*** Reached end of trace for Core: 0 Repeating trace: traces/spec2k17/srv_53.champsimtrace.xz
Heartbeat CPU 0 instructions: 40000001 cycles: 11792906 heartbeat IPC: 3.39599 cumulative IPC: 3.39187 (Simulation time: 0 hr 2 min 13 sec) 
Heartbeat CPU 0 instructions: 50000002 cycles: 14736543 heartbeat IPC: 3.39716 cumulative IPC: 3.39293 (Simulation time: 0 hr 2 min 44 sec) 

Warmup complete CPU 0 instructions: 50000002 cycles: 14736543 (Simulation time: 0 hr 2 min 44 sec) 

Offsets elements: 
Potential of Offsets elements: 
rewards of Offsets elements: 
Printing Sanity1
offset list size1422
Offsets elements: 
Potential of Offsets elements: 
rewards of Offsets elements: 0 0 0 0 0 0 0 0 0 0 0 33 0 0 0 0 605 0 0 0 1253 0 0 0 400 0 0 641 0 0 4 0 0 309 0 0 0 0 1040 0 0 0 0 0 1 0 0 0 0 0 0 0 0 0 0 0 0 0 0 0 0 0 0 0 0 0 6 33 0 0 0 0 0 0 232 20 0 0 0 0 0 0 0 0 0 0 0 0 0 0 0 0 0 0 0 0 0 0 0 1 0 44 0 0 521 0 0 0 0 0 5 31 128 22 28 3 58 35 103 159 81 0 429 30 0 259 0 0 0 37 87 87 32 0 0 90 4 0 2 26 0 25 0 1 18 42 12 0 5 22 1 0 0 104 12 0 0 545 259 292 0 69 0 0 0 0 0 0 34 0 0 14 31 0 2 0 0 0 0 0 0 0 760 0 0 0 0 0 0 0 158 0 0 0 121 32 0 0 0 0 0 0 0 2 0 0 0 0 0 0 0 0 0 0 0 0 0 0 0 0 4 0 0 0 0 0 0 0 0 0 0 0 0 0 170 0 0 0 0 0 62 0 0 272 0 234 43 0 0 0 0 0 0 0 0 0 0 0 0 0 0 0 0 0 0 0 1926 0 0 0 0 0 0 0 0 1832 0 0 0 0 0 0 0 0 0 1 0 0 0 0 0 0 0 0 0 0 0 0 0 0 0 0 0 0 0 0 0 0 0 0 0 0 0 0 0 0 0 0 743 0 0 0 0 0 10 0 55 0 11 0 45 65 0 0 51 0 188 8 7 317 52 0 67 0 0 0 0 0 0 0 0 0 0 0 0 0 0 0 0 0 0 87 167 0 9 0 0 0 0 0 0 0 0 0 0 6 0 0 0 361 0 0 0 0 0 0 0 44 0 0 0 0 0 56 0 0 0 0 0 0 0 0 0 0 0 180 0 0 0 0 0 0 0 0 0 0 0 0 0 0 0 0 27 119 2 24 0 0 0 0 0 0 0 0 0 0 0 228 1 0 0 0 36 0 0 0 0 0 0 0 0 12 9 30 323 0 0 0 46 0 13 0 26 38 42 0 0 0 0 0 0 57 0 5 0 209 177 19 12 0 0 0 0 41 0 0 0 75 52 0 0 0 0 0 0 0 243 0 0 0 31 2 0 145 0 0 0 0 0 0 0 0 0 0 0 0 0 0 0 0 0 0 0 36 22 0 0 0 0 0 0 0 0 0 0 0 0 0 0 0 194 0 0 0 0 0 0 0 132 0 0 0 0 0 0 0 0 0 0 52 90 0 0 0 0 0 0 0 36 0 0 0 0 68 0 0 0 0 0 0 0 0 0 0 0 0 0 0 0 0 0 0 0 0 0 0 0 0 0 0 138 0 0 0 0 0 0 0 0 227 0 0 0 0 0 0 0 0 0 0 0 0 0 0 0 0 0 0 0 0 0 0 0 0 0 0 0 0 0 0 0 0 0 0 0 0 0 0 0 0 0 0 0 0 11 0 0 0 0 0 0 0 0 0 27 0 0 0 0 0 0 0 0 0 0 206 204 71 0 0 0 0 88 0 3 0 23 28 3 5 33 0 24 116 5 41 151 0 4 0 596 47 30 20 0 0 0 0 79 328 57 0 2 1 79 406 0 23 175 0 27 183 220 0 567 14 52 18 0 75 26 212 0 69 69 315 0 0 116 234 29 93 116 5 0 12 299 0 0 0 0 0 58 0 0 0 0 0 0 0 0 0 0 0 0 0 0 0 0 0 0 0 0 0 0 0 0 0 0 0 0 0 0 0 0 0 0 0 0 0 0 0 0 0 0 0 0 0 0 0 0 0 0 0 0 0 0 0 0 0 3 0 0 0 0 47 26 0 0 0 0 0 14 0 0 0 46 0 0 0 0 0 0 0 0 30 0 0 0 0 0 0 0 72 0 0 65 0 0 0 0 0 0 0 48 0 0 7 0 0 0 0 0 0 0 0 0 0 0 0 0 0 366 0 2 0 0 0 1 1 0 0 0 0 0 0 0 0 0 0 0 0 0 0 0 0 0 0 0 0 0 0 0 36 0 0 0 12 16 0 0 0 1 0 4 2 0 0 0 182 0 0 0 0 0 0 0 0 6 105 0 46 210 131 75 0 0 1 0 0 0 0 12 0 0 0 0 0 0 0 0 0 1 0 12 0 0 0 0 0 0 20 0 0 0 0 96 0 0 0 0 0 0 0 0 0 0 0 0 0 0 0 0 0 0 0 0 0 0 0 4 0 0 0 0 0 0 0 0 0 0 0 0 0 0 0 0 0 0 0 0 0 0 0 0 0 0 0 0 0 0 0 0 0 0 0 0 0 0 247 0 0 0 0 0 0 0 0 0 0 0 0 0 0 0 0 0 185 0 0 0 0 0 0 0 0 0 333 0 0 0 0 0 0 0 0 0 0 0 0 0 0 0 0 0 0 0 0 0 0 0 0 0 0 0 0 0 0 0 0 0 0 0 0 0 0 0 0 0 1011 0 870 0 0 0 0 0 0 0 0 0 0 0 0 0 0 0 0 0 0 0 0 0 104 0 0 0 0 0 0 0 0 0 0 0 0 0 0 0 0 0 0 0 0 60 52 572 0 0 0 0 0 0 0 1 12 0 7 0 23 2 0 0 0 0 12 1 0 169 0 5 0 0 0 0 0 0 12 29 332 57 123 0 0 0 0 0 0 0 0 0 0 0 0 0 0 0 0 0 387 370 0 0 0 0 0 0 0 0 0 0 0 0 0 0 0 0 0 0 0 0 0 0 0 0 0 0 0 0 0 13 62 0 0 0 0 0 0 0 0 0 0 0 0 0 0 0 0 32 0 0 0 0 0 0 0 0 1401 0 0 0 0 0 0 0 0 82 0 47 54 0 0 15 65 0 252 49 0 0 0 0 143 82 0 29 164 15 2 0 0 0 0 0 15 0 0 0 39 0 18 0 0 0 0 0 0 0 0 0 0 0 10 3 0 0 136 0 0 45 0 181 0 0 119 1 0 0 217 30 0 0 0 0 0 0 0 0 6 0 0 0 0 0 0 0 0 0 0 0 0 0 0 0 0 0 0 0 0 0 0 0 0 0 0 0 0 0 0 0 0 0 0 0 0 0 0 0 0 0 0 0 0 0 0 624 0 0 0 0 0 0 0 0 0 0 34 0 32 0 0 0 0 0 0 0 0 0 0 0 0 0 12 0 0 0 0 1 0 0 0 0 0 
Printing Sanity2
Heartbeat CPU 0 instructions: 60000000 cycles: 43554862 heartbeat IPC: 0.347001 cumulative IPC: 0.347001 (Simulation time: 0 hr 3 min 45 sec) 
*** Reached end of trace for Core: 0 Repeating trace: traces/spec2k17/srv_53.champsimtrace.xz
Heartbeat CPU 0 instructions: 70000001 cycles: 73583990 heartbeat IPC: 0.33301 cumulative IPC: 0.339862 (Simulation time: 0 hr 4 min 48 sec) 
Heartbeat CPU 0 instructions: 80000000 cycles: 102470932 heartbeat IPC: 0.346177 cumulative IPC: 0.341941 (Simulation time: 0 hr 5 min 47 sec) 
Heartbeat CPU 0 instructions: 90000000 cycles: 131282651 heartbeat IPC: 0.347081 cumulative IPC: 0.343212 (Simulation time: 0 hr 6 min 49 sec) 
*** Reached end of trace for Core: 0 Repeating trace: traces/spec2k17/srv_53.champsimtrace.xz
Heartbeat CPU 0 instructions: 100000001 cycles: 161845724 heartbeat IPC: 0.327192 cumulative IPC: 0.339884 (Simulation time: 0 hr 7 min 51 sec) 
Heartbeat CPU 0 instructions: 110000000 cycles: 190619493 heartbeat IPC: 0.347539 cumulative IPC: 0.341136 (Simulation time: 0 hr 8 min 53 sec) 
Heartbeat CPU 0 instructions: 120000000 cycles: 218878439 heartbeat IPC: 0.35387 cumulative IPC: 0.342899 (Simulation time: 0 hr 9 min 52 sec) 
*** Reached end of trace for Core: 0 Repeating trace: traces/spec2k17/srv_53.champsimtrace.xz
Heartbeat CPU 0 instructions: 130000002 cycles: 249876316 heartbeat IPC: 0.322603 cumulative IPC: 0.340223 (Simulation time: 0 hr 10 min 56 sec) 
Heartbeat CPU 0 instructions: 140000000 cycles: 278561096 heartbeat IPC: 0.348617 cumulative IPC: 0.341136 (Simulation time: 0 hr 11 min 57 sec) 
Heartbeat CPU 0 instructions: 150000003 cycles: 307208050 heartbeat IPC: 0.349077 cumulative IPC: 0.341914 (Simulation time: 0 hr 12 min 58 sec) 
*** Reached end of trace for Core: 0 Repeating trace: traces/spec2k17/srv_53.champsimtrace.xz
Heartbeat CPU 0 instructions: 160000003 cycles: 337350384 heartbeat IPC: 0.331759 cumulative IPC: 0.340965 (Simulation time: 0 hr 14 min 0 sec) 
Heartbeat CPU 0 instructions: 170000001 cycles: 366539247 heartbeat IPC: 0.342596 cumulative IPC: 0.3411 (Simulation time: 0 hr 15 min 0 sec) 
Heartbeat CPU 0 instructions: 180000003 cycles: 395411961 heartbeat IPC: 0.346348 cumulative IPC: 0.341498 (Simulation time: 0 hr 16 min 2 sec) 
*** Reached end of trace for Core: 0 Repeating trace: traces/spec2k17/srv_53.champsimtrace.xz
Heartbeat CPU 0 instructions: 190000000 cycles: 424359099 heartbeat IPC: 0.345457 cumulative IPC: 0.341778 (Simulation time: 0 hr 17 min 3 sec) 
Heartbeat CPU 0 instructions: 200000003 cycles: 454753217 heartbeat IPC: 0.329011 cumulative IPC: 0.340896 (Simulation time: 0 hr 18 min 3 sec) 
Heartbeat CPU 0 instructions: 210000001 cycles: 483372119 heartbeat IPC: 0.349419 cumulative IPC: 0.341417 (Simulation time: 0 hr 19 min 4 sec) 
*** Reached end of trace for Core: 0 Repeating trace: traces/spec2k17/srv_53.champsimtrace.xz
Heartbeat CPU 0 instructions: 220000000 cycles: 510923402 heartbeat IPC: 0.362959 cumulative IPC: 0.342613 (Simulation time: 0 hr 20 min 0 sec) 
Heartbeat CPU 0 instructions: 230000002 cycles: 542360702 heartbeat IPC: 0.318094 cumulative IPC: 0.341152 (Simulation time: 0 hr 21 min 3 sec) 
Heartbeat CPU 0 instructions: 240000002 cycles: 570995379 heartbeat IPC: 0.349227 cumulative IPC: 0.341568 (Simulation time: 0 hr 22 min 5 sec) 
*** Reached end of trace for Core: 0 Repeating trace: traces/spec2k17/srv_53.champsimtrace.xz
Heartbeat CPU 0 instructions: 250000002 cycles: 598840940 heartbeat IPC: 0.359124 cumulative IPC: 0.342405 (Simulation time: 0 hr 23 min 6 sec) 
Finished CPU 0 instructions: 200000000 cycles: 584104397 cumulative IPC: 0.342405 (Simulation time: 0 hr 23 min 6 sec) 

ChampSim completed all CPUs

Region of Interest Statistics

CPU 0 cumulative IPC: 0.342405 instructions: 200000000 cycles: 584104397
ITLB TOTAL     ACCESS:   34963962  HIT:   33701564  MISS:    1262398  HIT %:    96.3894  MISS %:    3.61057   MPKI: 6.31199
ITLB LOAD TRANSLATION ACCESS:   34963962  HIT:   33701564  MISS:    1262398  HIT %:    96.3894  MISS %:    3.61057   MPKI: 6.31199
ITLB PREFETCH  REQUESTED:          0  ISSUED:          0  USEFUL:          0  USELESS:          0
ITLB USEFUL LOAD PREFETCHES:          0 PREFETCH ISSUED TO LOWER LEVEL:          0  ACCURACY: -nan
ITLB TIMELY PREFETCHES:          0 LATE PREFETCHES: 0 DROPPED PREFETCHES: 0
ITLB PREFETCHES SAME FILL-ORIGIN LEVEL: 0 DIFFERENT FILL-ORIGIN LEVEL: 0
ITLB AVERAGE MISS LATENCY: 10.1501 cycles
ITLB RQ	ACCESS:   39940343	FORWARD:          0	MERGED:    4621477	TO_CACHE:   35318866

DTLB TOTAL     ACCESS:   35672082  HIT:   34416082  MISS:    1256000  HIT %:     96.479  MISS %:    3.52096   MPKI: 6.28
DTLB LOAD TRANSLATION ACCESS:   35672082  HIT:   34416082  MISS:    1256000  HIT %:     96.479  MISS %:    3.52096   MPKI: 6.28
DTLB PREFETCH  REQUESTED:          0  ISSUED:          0  USEFUL:          0  USELESS:          0
DTLB USEFUL LOAD PREFETCHES:          0 PREFETCH ISSUED TO LOWER LEVEL:          0  ACCURACY: -nan
DTLB TIMELY PREFETCHES:          0 LATE PREFETCHES: 0 DROPPED PREFETCHES: 0
DTLB PREFETCHES SAME FILL-ORIGIN LEVEL: 0 DIFFERENT FILL-ORIGIN LEVEL: 0
DTLB AVERAGE MISS LATENCY: 12.8526 cycles
DTLB RQ	ACCESS:   48365494	FORWARD:          0	MERGED:   12623537	TO_CACHE:   35741957

STLB TOTAL     ACCESS:   10023316  HIT:    9923621  MISS:      99695  HIT %:    99.0054  MISS %:   0.994631   MPKI: 0.498475
STLB LOAD TRANSLATION ACCESS:    2518398  HIT:    2424914  MISS:      93484  HIT %:     96.288  MISS %:    3.71204   MPKI: 0.46742
STLB TRANSLATION FROM L1D PREFETCHER ACCESS:    7504918  HIT:    7498707  MISS:       6211  HIT %:    99.9172  MISS %:  0.0827591   MPKI: 0.031055
STLB PREFETCH  REQUESTED:          0  ISSUED:          0  USEFUL:       5549  USELESS:        659
STLB USEFUL LOAD PREFETCHES:       5549 PREFETCH ISSUED TO LOWER LEVEL:          0  ACCURACY: inf
STLB TIMELY PREFETCHES:       5549 LATE PREFETCHES: 154 DROPPED PREFETCHES: 488201
STLB PREFETCHES SAME FILL-ORIGIN LEVEL: 0 DIFFERENT FILL-ORIGIN LEVEL: 0
STLB AVERAGE MISS LATENCY: 65.5588 cycles
STLB RQ	ACCESS:   12970424	FORWARD:          0	MERGED:    2322712	TO_CACHE:   10647712

STLB Hit, L1D data hit: 0
STLB Hit, L2C data hit: 0
STLB Hit, LLC data hit: 0
STLB Hit, LLC data miss: 0
STLB STLB hints to L2: 0
L1D TOTAL     ACCESS:   56716934  HIT:   52413762  MISS:    4303172  HIT %:    92.4129  MISS %:     7.5871   MPKI: 21.5159
L1D LOAD      ACCESS:   27876261  HIT:   25739253  MISS:    2137008  HIT %:     92.334  MISS %:    7.66605   MPKI: 10.685
L1D RFO       ACCESS:   19342466  HIT:   18540739  MISS:     801727  HIT %:    95.8551  MISS %:    4.14491   MPKI: 4.00863
L1D PREFETCH  ACCESS:    9498207  HIT:    8133770  MISS:    1364437  HIT %:    85.6348  MISS %:    14.3652   MPKI: 6.82219
AGUS PREFETCH L1 MISS: 0
L1D PREFETCH  REQUESTED:   21168041  ISSUED:   21168013  USEFUL:     206821  USELESS:    1157448
L1D USEFUL LOAD PREFETCHES:     206821 PREFETCH ISSUED TO LOWER LEVEL:    1366803  ACCURACY: 15.1317
L1D TIMELY PREFETCHES:     206821 LATE PREFETCHES: 1712 DROPPED PREFETCHES: 884525
L1D PREFETCHES SAME FILL-ORIGIN LEVEL: 1366803 DIFFERENT FILL-ORIGIN LEVEL: 0
L1D AVERAGE MISS LATENCY: 173408 cycles
L1D RQ	ACCESS:   37424594	FORWARD:          0	MERGED:    9252547	TO_CACHE:   27992963
L1D WQ	ACCESS:   20546814	FORWARD:     180064	MERGED:     174283	TO_CACHE:   20372531
L1D PQ	ACCESS:   10715987	FORWARD:          0	MERGED:     262981	TO_CACHE:   10452026

L1D UNIQUE REGIONS ACCESSED: 0
L1D REGIONS CONFLICTS: 0
L1D Cross Page Prefetch Requests: 3393249
L1D Same Page Prefetch Requests: 7322738
L1D ROI Sum of L1D PQ occupancy: 156332601
L1D PREFETCHES PUSHED FROM L2C: 0
L1I TOTAL     ACCESS:   38976623  HIT:   32553481  MISS:    6423142  HIT %:    83.5205  MISS %:    16.4795   MPKI: 32.1157
L1I LOAD      ACCESS:   38976623  HIT:   32553481  MISS:    6423142  HIT %:    83.5205  MISS %:    16.4795   MPKI: 32.1157
L1I PREFETCH  REQUESTED:          0  ISSUED:          0  USEFUL:          0  USELESS:          0
L1I USEFUL LOAD PREFETCHES:          0 PREFETCH ISSUED TO LOWER LEVEL:          0  ACCURACY: -nan
L1I TIMELY PREFETCHES:          0 LATE PREFETCHES: 0 DROPPED PREFETCHES: 0
L1I PREFETCHES SAME FILL-ORIGIN LEVEL: 0 DIFFERENT FILL-ORIGIN LEVEL: 0
L1I AVERAGE MISS LATENCY: 23.4645 cycles
L1I RQ	ACCESS:   62494144	FORWARD:          0	MERGED:   22553801	TO_CACHE:   39940343

BTB TOTAL     ACCESS:   34622254  HIT:   26061225  MISS:    8561029  HIT %:     75.273  MISS %:     24.727   MPKI: 42.8051
BTB BRANCH_DIRECT_JUMP	ACCESS:    1794172  HIT:    1215537  MISS:     578635
BTB BRANCH_INDIRECT	ACCESS:   10896773  HIT:    7278891  MISS:    3617882
BTB BRANCH_CONDITIONAL	ACCESS:   13847255  HIT:   13154489  MISS:     692766
BTB BRANCH_DIRECT_CALL	ACCESS:    3261049  HIT:    2171836  MISS:    1089213
BTB BRANCH_INDIRECT_CALL	ACCESS:     780950  HIT:     418247  MISS:     362703
BTB BRANCH_RETURN	ACCESS:    4042055  HIT:    1822225  MISS:    2219830
BTB BRANCH_OTHER ACCESS:          0  HIT:          0  MISS:          0

L2C TOTAL     ACCESS:   13277313  HIT:    9147405  MISS:    4129908  HIT %:     68.895  MISS %:     31.105   MPKI: 20.6495
L2C LOAD      ACCESS:    8558313  HIT:    5776686  MISS:    2781627  HIT %:     67.498  MISS %:     32.502   MPKI: 13.9081
L2C DATA LOAD MPKI: 4.07365
L2C INSTRUCTION LOAD MPKI: 9.83448
L2C RFO       ACCESS:     801060  HIT:     367324  MISS:     433736  HIT %:    45.8547  MISS %:    54.1453   MPKI: 2.16868
L2C PREFETCH  ACCESS:    1366793  HIT:     629278  MISS:     737515  HIT %:    46.0405  MISS %:    53.9595   MPKI: 3.68757
AGUS PREFETCH L1 MISS: 0
L2C DATA PREFETCH MPKI: 3.68757
L2C INSTRUCTION PREFETCH MPKI: 0
L2C WRITEBACK ACCESS:    1583660  HIT:    1497518  MISS:      86142  HIT %:    94.5606  MISS %:    5.43943   MPKI: 0.43071
L2C LOAD TRANSLATION ACCESS:     144000  HIT:      64601  MISS:      79399  HIT %:    44.8618  MISS %:    55.1382   MPKI: 0.396995
L2C TRANSLATION FROM L1D PREFETCHER ACCESS:     823487  HIT:     811998  MISS:      11489  HIT %:    98.6048  MISS %:    1.39516   MPKI: 0.057445
L2C PREFETCH  REQUESTED:          0  ISSUED:          0  USEFUL:      39618  USELESS:     708214
L2C USEFUL LOAD PREFETCHES:      39618 PREFETCH ISSUED TO LOWER LEVEL:     737515  ACCURACY: 5.37182
L2C TIMELY PREFETCHES:      39618 LATE PREFETCHES: 0 DROPPED PREFETCHES: 0
L2C PREFETCHES SAME FILL-ORIGIN LEVEL: 0 DIFFERENT FILL-ORIGIN LEVEL: 0
L2C AVERAGE MISS LATENCY: 42.1236 cycles
L2C RQ	ACCESS:   10326998	FORWARD:          0	MERGED:          0	TO_CACHE:   10326860
L2C WQ	ACCESS:    1583660	FORWARD:        148	MERGED:          0	TO_CACHE:    1583660
L2C PQ	ACCESS:    1366803	FORWARD:          0	MERGED:          0	TO_CACHE:    1366793

L2C Instructions Evicting Data 903346
L2C Translations Evicting Data 52146
L2C Data Evicting Data 1071988
L2C Instructions Evicting Instructions 1027605
L2C Translations Evicting Instructions 36453
L2C Data Evicting Instructions 863338
L2C Instructions Evicting Translations 35945
L2C Translations Evicting Translations 2289
L2C Data Evicting Translations 50656
L2C Dense regions hint from L2: 0
PSCL5 TOTAL     ACCESS:     587896  HIT:     587896  MISS:          0  HIT %:        100  MISS %:          0   MPKI: 0
PSCL5 LOAD TRANSLATION ACCESS:      93330  HIT:      93330  MISS:          0  HIT %:        100  MISS %:          0   MPKI: 0
PSCL5 TRANSLATION FROM L1D PREFETCHER ACCESS:     494566  HIT:     494566  MISS:          0  HIT %:        100  MISS %:          0   MPKI: 0
PSCL5 PREFETCH  REQUESTED:          0  ISSUED:          0  USEFUL:          0  USELESS:          0
PSCL5 USEFUL LOAD PREFETCHES:          0 PREFETCH ISSUED TO LOWER LEVEL:          0  ACCURACY: -nan
PSCL5 TIMELY PREFETCHES:          0 LATE PREFETCHES: 0 DROPPED PREFETCHES: 0
PSCL5 PREFETCHES SAME FILL-ORIGIN LEVEL: 0 DIFFERENT FILL-ORIGIN LEVEL: 0

PSCL4 TOTAL     ACCESS:     567074  HIT:     566679  MISS:        395  HIT %:    99.9303  MISS %:  0.0696558   MPKI: 0.001975
PSCL4 LOAD TRANSLATION ACCESS:      92551  HIT:      92156  MISS:        395  HIT %:    99.5732  MISS %:   0.426792   MPKI: 0.001975
PSCL4 TRANSLATION FROM L1D PREFETCHER ACCESS:     474523  HIT:     474523  MISS:          0  HIT %:        100  MISS %:          0   MPKI: 0
PSCL4 PREFETCH  REQUESTED:          0  ISSUED:          0  USEFUL:          0  USELESS:          0
PSCL4 USEFUL LOAD PREFETCHES:          0 PREFETCH ISSUED TO LOWER LEVEL:          0  ACCURACY: -nan
PSCL4 TIMELY PREFETCHES:          0 LATE PREFETCHES: 0 DROPPED PREFETCHES: 0
PSCL4 PREFETCHES SAME FILL-ORIGIN LEVEL: 0 DIFFERENT FILL-ORIGIN LEVEL: 0

PSCL3 TOTAL     ACCESS:     551707  HIT:     538464  MISS:      13243  HIT %:    97.5996  MISS %:    2.40037   MPKI: 0.066215
PSCL3 LOAD TRANSLATION ACCESS:      85514  HIT:      72271  MISS:      13243  HIT %:    84.5136  MISS %:    15.4864   MPKI: 0.066215
PSCL3 TRANSLATION FROM L1D PREFETCHER ACCESS:     466193  HIT:     466193  MISS:          0  HIT %:        100  MISS %:          0   MPKI: 0
PSCL3 PREFETCH  REQUESTED:          0  ISSUED:          0  USEFUL:          0  USELESS:          0
PSCL3 USEFUL LOAD PREFETCHES:          0 PREFETCH ISSUED TO LOWER LEVEL:          0  ACCURACY: -nan
PSCL3 TIMELY PREFETCHES:          0 LATE PREFETCHES: 0 DROPPED PREFETCHES: 0
PSCL3 PREFETCHES SAME FILL-ORIGIN LEVEL: 0 DIFFERENT FILL-ORIGIN LEVEL: 0

PSCL2 TOTAL     ACCESS:     279175  HIT:     240201  MISS:      38974  HIT %:    86.0396  MISS %:    13.9604   MPKI: 0.19487
PSCL2 LOAD TRANSLATION ACCESS:      94758  HIT:      55784  MISS:      38974  HIT %:      58.87  MISS %:      41.13   MPKI: 0.19487
PSCL2 TRANSLATION FROM L1D PREFETCHER ACCESS:     184417  HIT:     184417  MISS:          0  HIT %:        100  MISS %:          0   MPKI: 0
PSCL2 PREFETCH  REQUESTED:          0  ISSUED:          0  USEFUL:          0  USELESS:          0
PSCL2 USEFUL LOAD PREFETCHES:          0 PREFETCH ISSUED TO LOWER LEVEL:          0  ACCURACY: -nan
PSCL2 TIMELY PREFETCHES:          0 LATE PREFETCHES: 0 DROPPED PREFETCHES: 0
PSCL2 PREFETCHES SAME FILL-ORIGIN LEVEL: 0 DIFFERENT FILL-ORIGIN LEVEL: 0

LLC TOTAL     ACCESS:    4824345  HIT:    4539573  MISS:     284772  HIT %:    94.0972  MISS %:    5.90281   MPKI: 1.42386
LLC LOAD      ACCESS:    2781627  HIT:    2678533  MISS:     103094  HIT %:    96.2938  MISS %:    3.70625   MPKI: 0.51547
LLC RFO       ACCESS:     433731  HIT:     345711  MISS:      88020  HIT %:    79.7063  MISS %:    20.2937   MPKI: 0.4401
LLC PREFETCH  ACCESS:     737515  HIT:     652955  MISS:      84560  HIT %:    88.5345  MISS %:    11.4655   MPKI: 0.4228
AGUS PREFETCH L1 MISS: 0
LLC WRITEBACK ACCESS:     780584  HIT:     779579  MISS:       1005  HIT %:    99.8713  MISS %:    0.12875   MPKI: 0.005025
LLC LOAD TRANSLATION ACCESS:      79399  HIT:      71601  MISS:       7798  HIT %:    90.1787  MISS %:    9.82128   MPKI: 0.03899
LLC TRANSLATION FROM L1D PREFETCHER ACCESS:      11489  HIT:      11194  MISS:        295  HIT %:    97.4323  MISS %:    2.56767   MPKI: 0.001475
LLC PREFETCH  REQUESTED:          0  ISSUED:          0  USEFUL:       7200  USELESS:      69295
LLC USEFUL LOAD PREFETCHES:       7200 PREFETCH ISSUED TO LOWER LEVEL:      84560  ACCURACY: 8.51466
LLC TIMELY PREFETCHES:       7200 LATE PREFETCHES: 0 DROPPED PREFETCHES: 0
LLC PREFETCHES SAME FILL-ORIGIN LEVEL: 0 DIFFERENT FILL-ORIGIN LEVEL: 0
LLC AVERAGE MISS LATENCY: 184.89 cycles
LLC RQ	ACCESS:    3306251	FORWARD:          0	MERGED:          0	TO_CACHE:    3306246
LLC WQ	ACCESS:     780584	FORWARD:          5	MERGED:          0	TO_CACHE:     780584
LLC PQ	ACCESS:     737515	FORWARD:          0	MERGED:          0	TO_CACHE:     737515

LLC Dense regions hint to LLC: 0

RAW hits: 1873913
Loads Generated: 39298507
Loads sent to L1D: 37424594
Stores Generated: 20546814
Stores sent to L1D: 20546814
Major fault: 0 Minor fault: 4418
Allocated PAGES: 4418
ucb ended
-----------------------------------------------------------------------------------------------------------------------------------------------------------------------------------------------------
Offsets elements: -45516 45516 -2756 288225246705755767 -10168127 -2200619452805 2200629622615 -10145708 -24101 -2200619450226 2200629620069 -34 -10169807 -380494 380502 10169834 2 -2200629505677 2448 2200619357482 1 10145744 -10145744 -404593 3 10550334 -10169842 -1 380494 380495 104 23993 -24096 -4 24107 -24078 -2200619333360 -446 -2 2200629501937 -10144058 -24077 24078 -10157429 -12413 -390414 414512 10145708 -10169810 10167852 -10167852 -2200619335845 2200629505689 -2200629505670 2200629505682 -10145758 10144318 -10144318 10145710 -10145710 10145745 -10169845 10169844 -10145746 -24099 10169810 -2200629620034 2200629620035 -10145712 10145713 -10169811 -390413 10560224 -10560225 10560256 -10560257 10560223 -10560223 -10145716 -414506 414507 -414507 9918 380491 10169842 -404591 380599 -104 -2200619333795 2200618953302 404587 -23989 23991 -23992 404584 -24092 -10169843 380027 468 -469 573 103 23989 -24089 -3 -380492 -10169839 380498 -380496 24093 -23990 -380598 380598 52 -156 -572 624 -51 -380599 -10169739 380602 -380600 -380597 380596 10145749 -10145749 -24097 10169811 -10169791 2200629505670 -10169844 12 10169832 -10169729 -10169832 -13 117 10167993 -10168006 23995 -23958 -95 -2200619293190 2200619293160 -16 36 23691 -23728 10169740 -10145978 10146014 -10146012 -23729 23730 -23731 -2200619302470 2200619326202 4 -5 5 -23742 38 23696 10144007 -10144006 23742 23746 -288223781544849203 -42 -1465150713950 1465150713948 43 -40 845462104 8554 -845470658 -1465150713948 -48301 48301 288225246705707472 -2200629620935 2200619452912 13 23736 -2200619359664 2200619359664 -2200615795230 2200615795232 -288223781544849244 -1465150746161 21 -13365 45530 -48485 2265 857 1465994134264 -1465994088902 1465150713978 -1465150746163 32186 23708863 -23708864 856 45363 -48702 293 23757273 1465972475767 -1465996233017 23757233 1465969981501 -1465993722938 23734299 7155 -1465969981484 1465969981476 -1465993739050 23757557 -23757182 2806 1465993735877 -1465993738832 1465994134198 -398496 -842976367 842976375 -842976375 842976367 -1465993738824 1465993735703 -1465127005109 -23757250 23757252 -19 -23741437 1465993722938 -1465969988639 -23750118 -1465972475759 16 1465127005082 -1465150762379 1465996233040 -845470664 7 375 23757182 -23757331 1465994137320 -1465150759502 -1465993736567 1465150760192 1465150762457 -1465150759335 23754226 2167 23755082 23741454 -23754227 -3347 1465993739050 -1465993738675 1465993738683 -23747238 -2955 -17 1465969981493 -1465993738826 -226 1465994137171 -1465994135055 690 167 1465993735702 17 1465969981478 -1465969981479 1465127005112 -1465150762385 -845470660 -1465150762524 17788 23739588 -23739588 -1421 23741006 -23708818 -48555 16367 1421 -14765 45531 23708819 -23757305 1465994134262 -1465994088899 -2200629620932 2200619452909 10169706 -10169705 10169705 34 -2200629620069 2200619450332 380606 10169730 2200619359674 -2200619357226 2200619357227 10146000 -10550337 -2200618952890 2200618952893 10169738 -103 23841 -23736 29 23711 -23724 23718 -2200619357176 -448 2200629503622 -10169738 10168051 -10155742 -402827 414256 10145964 -10169706 10167748 -10167748 -2200619335930 2200629505701 -12 -1427 1393 35 -10169740 23739 -23739 -10145968 10145969 -10169707 -390517 -10560226 414252 -414250 414251 10145971 -10560222 380595 404332 -23837 23839 -23840 404328 -23732 380026 -52 51 -155 156 -624 24305 10550336 23733 -23838 -100 -380498 -10169841 -380493 380492 23837 10146004 -10146002 10145968 20 10169721 -2200629505669 2200619335941 10169729 -10169834 10169728 -10169728 -91 10168097 -10168110 23843 -23806 113 -30 -2200619293056 2200619293040 24063 -10145709 10145746 -24102 24102 24056 -10143745 -288223781544980569 -1465150631766 451 48411 1465996184629 -1465996233127 17088 8310 -25311 -1465996186080 -47035 1465994134186 -1465994137094 46820 1465150584349 -1465150584393 1465993758337 -1465993805372 43913 -46827 -36 1465996161249 71674 -71690 71690 -71345 66384 -845596771 845530058 -845530057 845601731 -845601732 843173988 -1465993756885 8 -48280 48280 1465150582933 -1465150582933 -48287 48287 1465150582889 -1465150631309 1465150631311 845601729 -845601730 -1465150614308 31409 -48410 46960 1465996186080 -1465996233115 -1465994090274 -46820 1465150584350 -39 -1465150584353 1465150631181 843173983 1465993756886 -1465993756878 44 -48291 1465996224358 -1465996176066 1465996184620 -1465996184620 1465150582887 45 288223781555124552 2200619452808 24083 -8 6 -2200619359916 2200619359916 -2200615801914 2200615801914 -288225246695563447 288225246695539392 24055 24094 -2200615801919 2200615801919 -24095 26 10167826 -2200619335826 10169845 2200619357469 10145757 2200619335837 10169833 10 -2200619450236 2200619450228 -380495 105 23977 -24080 23 -24084 -2200619333354 2200619357416 -11669 -2200619346195 2200629501935 -10168152 380496 -380497 380520 10169809 -10169808 404577 -2200619359930 2200629505466 -10169617 24081 -404577 10560225 10560219 -33 -10560220 10560222 9920 -9920 -9923 -970889 11531113 414495 -414494 414494 -414496 10560221 -10145727 -10145725 -24073 -15 -10145723 10145724 -10169813 -10145757 414496 10145727 380597 -53 -2200619333900 404576 -23926 23928 -23929 24082 -23928 -380650 380654 380651 -380652 10550335 -10550336 380650 23925 -23924 -380649 404574 10145758 -20 -10169677 10167941 -10144022 -23932 37 -147 -2200619293212 2200619293196 23394 -23431 -10146221 10146258 -10146258 -23432 23433 -23434 23388 10167696 -10144257 -288225246695611240 48306 288225246705707467 2200619452964 23411 -2200619359408 2200619359408 -2200615836658 2200615836658 2200615836660 767 -24430 -26 23688 769 -2200615837427 2200615837427 2200615836657 -23662 23659 -23684 15 23673 -23673 -2200619335739 2200619335729 -2200619335742 2200629503697 306 -2200629504003 2200629505655 -1652 1687 -10169934 10169951 -2200629505675 2200619356959 10146267 2200619335733 10169937 -10169948 -2200619450122 2200619450136 -380391 380648 10169686 -10169687 -380651 23467 -23415 23390 -23416 -2200619333510 2200619356906 -11159 -10168259 -380388 -10169943 10169943 -380390 380391 380392 23675 -23677 -380389 380416 30 10169883 -10550339 404067 -2200619359420 -10550113 -2200618953301 2200619333692 23676 -23676 -208 207 23469 -404067 -390311 -10560219 10560253 -970888 970890 413986 -413984 413985 10146240 10146236 -10146237 10146237 -10146236 -413986 -10146233 -23683 10169948 -10169947 260 -2200619450381 2200629620068 -2200629503637 2200619333949 380659 -260 404064 -23417 -10169686 23678 -2200619357369 2200619333693 -390310 10560255 -10169688 10169691 -1995 -10167696 23420 -23418 -10146267 10146268 10169689 -23681 -2200619450121 2200629620071 -10146269 10146265 -35 -10169889 23660 -23685 23686 -2200619335982 -10169689 10169688 -23430 10169654 2200629620036 -10169654 -390569 -10146230 -413996 10146225 -10146228 -413995 -10550304 10169687 380390 404075 10146228 -10146227 23687 -23688 404072 -23424 572 23477 -23421 -380648 10169683 -10169683 -380653 23423 -23687 208 -380595 -10550335 380388 23685 10146260 -10146259 10146226 -10169655 10169669 2200619335993 10169677 -10169937 -10169936 10169676 10168201 -10168214 -23654 269 -2200619292952 2200619292936 24411 -24448 -10145466 10145501 -10145500 -24451 -2200619302262 2200619326714 -24458 24416 -24462 10167956 -10143494 24466 -288225246695563702 1465150451800 845724248 -1465996176048 1465996184602 -1465996232908 2200619452704 24439 -2200619360176 2200619360176 -2200615837426 2200615837428 -288223781545111900 -1465150484017 32165 2955 1465994134431 -1465994135121 45362 -32185 23708872 -23708874 -48409 -293 23757575 1465972475758 -1465972475758 -23757259 27 -27 23741462 -1465969981474 -7163 7164 1465969981467 -149 23757331 1465970379989 -1465994134365 -690 1465993736567 -1465993735710 -843238511 843238519 -843238519 843238511 -1465126742955 23757276 -43 23757283 1465972475738 -1465972475734 1465126742925 -1465150500232 23757344 1465972475697 -2265 1465993738832 -1465969981413 -61 1465969981466 -1465993735702 23754235 -324 2491 -2116 23757207 -25 -1465994121426 -12939 166 -1465993739058 23750044 -23750193 -1465969981467 -23757357 -23755066 1465993736559 -1465993735705 -1465994137320 1465969981468 -1465969981493 1465993738826 -1465993736561 1465126742952 -6 -1465150500237 -143 1465996233183 -1465996215395 -23741006 -16367 3023 48486 -30767 -15455 1465994135119 -1465970380079 -23754183 2200619452701 10169914 -10169913 10169947 -2200629620035 2200619450124 380398 10169938 2200619357738 10145488 209 24249 -24456 24431 -24444 24438 -11941 10157429 -2200629503176 2200619333230 -2200619333676 2200618943368 10558569 -10143801 10145452 -10169914 -10167956 -2200619335722 -1439 -2200629504262 24459 -24459 -390309 10560257 414764 -414762 414763 10145457 10145459 380387 10169946 -2200619333691 2200619358145 -404843 10145460 -10145459 -24453 24455 10169949 -10145489 24462 -288223781545111897 -1465150500243 -48862 364 1465996233127 -1465996216039 1465994137308 -1465994135043 -2908 1465150453277 -1465150453321 1465993805373 -1465993803108 46827 -46806 345 71345 -4961 -845727843 845661130 -2356069 -1465993805158 1465996232901 -1465996184629 1465150451861 -1465150451861 1465150451817 1465150500238 845732803 1465996233115 -2095807 43912 1465150453278 -1465150453281 1465150453282 843305056 -1465993756886 1465993756887 -1465993805159 1465150500141 -1465996184621 1465150451860 288223781555255624 24443 -2200619360172 2200619360172 -2200615802170 2200615777755 -288225246695539288 288225246695563703 -24452 -2200615777721 2200615802175 -256 2200615777720 10167930 10145512 -10169949 2200619357724 10145502 -10145502 -2200619335733 2200619335722 -2200619450132 24233 -24440 24415 -2200619333250 2200619357672 -11925 2200619333679 10168256 -380387 -380393 -10169912 404833 -2200619360186 -10169721 24441 -404833 -10560253 -10145473 -414750 414750 10145471 10560226 -10145471 -414752 -10560224 -10145470 10145470 -10145469 14 10169900 -10145501 10145468 404832 -24234 24236 -24237 24442 -24236 24234 10145503 10145469 -10169915 10169929 10169936 24240 -24203 9 24194 -2200619317384 23702 -23740 -10145966 10146001 -10144001 -288223781544849241 -1465150762838 -87 48498 -1465994137308 1465150715421 -1465150715465 1465993758335 -1465993805370 -845465699 845398986 -2356072 -1465993805155 1465150714005 -1465150714005 1465150713961 -1465150762381 1465150762382 845470659 1465150715422 -1465150715425 1465150715426 843042910 48272 1465150714013 1465150714004 288223781554993480 -10168023 -2200619452912 2200619452925 -2200619359660 2200619359660 -2200615801658 2200615777963 -288225246695539496 288225246695563191 -2200615777929 2200615777928 10167722 -10169741 10169743 2200619357213 10146013 2200619335940 -11 -2200619450330 53 23669 -23720 23695 -2200619333458 2200619357160 -11413 -10168051 -380602 10169735 380601 380600 380624 10169675 -10169704 404321 -2200619359674 -10169513 23721 -404321 -390518 10560220 -31 414239 -414238 414238 10145983 -10145983 -414240 -10145982 10145982 -10145981 -23727 10169707 2200629620034 -10145985 -414241 -10146013 10145980 414241 404320 -23670 23672 628 -380654 -10169685 23670 -10146015 10145981 10169741 -10169678 10169720 -10169727 64 -2200619335994 2200619335942 65 -10144278 -10146223 -23388 23389 -288223781544717926 -1465150877224 32187 -48486 45364 1465150845027 50 -1465150845077 -48309 48310 288225246705707485 -2200615801406 2200615801408 -2200615801408 2200615801920 -24069 23558 -23584 23581 513 2200615801405 -767 768 -768 23662 -2200615802175 2200615801406 -2200615801405 255 -23710 23452 -23480 23735 -2200615801663 -23558 23555 -23579 11 -10 10167851 -2200629503697 2200619335856 -2200619335843 2200629503990 1652 -10169830 10169847 -10169833 2200619335826 -2200619450240 -10146270 -23572 10550337 23571 -2200619333796 2200619333796 380079 24041 10169843 116431 2200619357369 23421 -23578 10169846 -23556 -2200619473804 -10146229 -23581 -78 -24 2200619335752 2200629503684 -2200629505690 -10168247 -2200619450133 -10169946 2200618955353 10550113 -10169722 -2200619333692 2200618953301 380078 -365 -468 -10560255 -252 -261 2200619333700 10560258 -1992 10169950 -10146266 10146264 2200619450120 234 24 -2200619335947 2200629505690 -10168039 2200619450344 -380601 -23468 -10169514 416 -105 -416 -390519 -23475 404069 -23474 10169742 -10169691 23424 -23423 -28 -2200619450353 2200619473805 10146229 -23478 23480 -10146224 413995 10146227 -157 157 625 316 -380394 -380392 -10169945 10146259 -10146260 262 -10143489 -288223781545111859 -46 -1465150451816 288225246705707486 24435 -2200615806382 2200615781967 -288225246695539290 288225246695563705 -2200615781933 2200615781932 -2200619335741 2200619357725 -10145504 -24439 -2200629505655 -10169723 -24441 -24338 24340 -24341 -24340 -152 24338 -10145503 10169928 -10143766 -24344 -2200619293086 2200619293056 24051 -24088 -10145722 -10145756 -2200619326457 2200619302366 24092 24095 -288223781544980531 -1465150582886 -1465150582888 24075 -2200615806126 2200615782071 -288225246695539394 288225246695563449 -2200615782037 2200615806387 -2200615806387 2200615782036 2200629503678 2004 -2200629505701 2200629504262 1427 -2200619357469 2200619357468 -2200619450237 -2200619357438 -10144074 -24061 24062 -12410 -10145726 10145726 10169796 -10145729 -414497 414497 -23978 23980 -23981 -10169737 23978 -10145759 10145725 -2200619335940 -23984 -2200619326201 2200619302470 23732 -23696 23697 23743 10144002 -1465150713958 1465150713959 -1465150713960 -7 -2200615805870 2200615782175 -288225246695539498 288225246695563193 -2200615782141 2200615782140 10144585 -2200619357213 2200619357212 -414239 576 -2200619335992 -50 -2200619293242 2200619293212 -10146257 -288225246695562953 -2200615805618 2200615805620 -2200615805620 2200615806388 -769 -23660 2200615805618 -2200615805617 -2200619450136 31 10146270 -10560256 404065 -10144276 259 2200619473802 10146269 -10146268 -23661 10169924 
Potential of Offsets elements: 28.0282 28.0282 28.0282 28.0282 28.0282 28.0282 28.0282 28.0282 28.0282 28.0282 28.0282 61.0282 28.0282 28.0282 28.0282 28.0282 633.028 28.0282 28.0282 28.0282 1281.03 28.0282 28.0282 28.0282 428.028 28.0282 28.0282 669.028 28.0282 28.0282 32.0282 28.0282 28.0282 337.028 28.0282 28.0282 28.0282 28.0282 1068.03 28.0282 28.0282 28.0282 28.0282 28.0282 29.0282 28.0282 28.0282 28.0282 28.0282 28.0282 28.0282 28.0282 28.0282 28.0282 28.0282 28.0282 28.0282 28.0282 28.0282 28.0282 28.0282 28.0282 28.0282 28.0282 28.0282 28.0282 34.0282 61.0282 28.0282 28.0282 28.0282 28.0282 28.0282 28.0282 260.028 48.0282 28.0282 28.0282 28.0282 28.0282 28.0282 28.0282 28.0282 28.0282 28.0282 28.0282 28.0282 28.0282 28.0282 28.0282 28.0282 28.0282 28.0282 28.0282 28.0282 28.0282 28.0282 28.0282 28.0282 29.0282 28.0282 72.0282 28.0282 28.0282 549.028 28.0282 28.0282 28.0282 28.0282 28.0282 33.0282 59.0282 156.028 50.0282 56.0282 31.0282 86.0282 63.0282 131.028 187.028 109.028 28.0282 457.028 58.0282 28.0282 287.028 28.0282 28.0282 28.0282 65.0282 115.028 115.028 60.0282 28.0282 28.0282 118.028 32.0282 28.0282 30.0282 54.0282 28.0282 53.0282 28.0282 29.0282 46.0282 70.0282 40.0282 28.0282 33.0282 50.0282 29.0282 28.0282 28.0282 132.028 40.0282 28.0282 28.0282 573.028 287.028 320.028 28.0282 97.0282 28.0282 28.0282 28.0282 28.0282 28.0282 28.0282 62.0282 28.0282 28.0282 42.0282 59.0282 28.0282 30.0282 28.0282 28.0282 28.0282 28.0282 28.0282 28.0282 28.0282 788.028 28.0282 28.0282 28.0282 28.0282 28.0282 28.0282 28.0282 186.028 28.0282 28.0282 28.0282 149.028 60.0282 28.0282 28.0282 28.0282 28.0282 28.0282 28.0282 28.0282 30.0282 28.0282 28.0282 28.0282 28.0282 28.0282 28.0282 28.0282 28.0282 28.0282 28.0282 28.0282 28.0282 28.0282 28.0282 28.0282 28.0282 32.0282 28.0282 28.0282 28.0282 28.0282 28.0282 28.0282 28.0282 28.0282 28.0282 28.0282 28.0282 28.0282 28.0282 198.028 28.0282 28.0282 28.0282 28.0282 28.0282 90.0282 28.0282 28.0282 300.028 28.0282 262.028 71.0282 28.0282 28.0282 28.0282 28.0282 28.0282 28.0282 28.0282 28.0282 28.0282 28.0282 28.0282 28.0282 28.0282 28.0282 28.0282 28.0282 28.0282 28.0282 28.0282 582.205 28.0282 28.0282 28.0282 28.0282 28.0282 28.0282 28.0282 28.0282 1832.12 28.0282 28.0282 28.0282 28.0282 28.0282 28.0282 28.0282 28.0282 28.0282 29.0282 28.0282 28.0282 28.0282 28.0282 28.0282 28.0282 28.0282 28.0282 28.0282 28.0282 28.0282 28.0282 28.0282 28.0282 28.0282 28.0282 28.0282 28.0282 28.0282 28.0282 28.0282 28.0282 28.0282 28.0282 28.0282 28.0282 28.0282 28.0282 28.0282 28.0282 28.0282 28.0282 771.028 28.0282 28.0282 28.0282 28.0282 28.0282 38.0282 28.0282 83.0282 28.0282 39.0282 28.0282 73.0282 93.0282 28.0282 28.0282 79.0282 28.0282 216.028 36.0282 35.0282 345.028 80.0282 28.0282 95.0282 28.0282 28.0282 28.0282 28.0282 28.0282 28.0282 28.0282 28.0282 28.0282 28.0282 28.0282 28.0282 28.0282 28.0282 28.0282 28.0282 28.0282 28.0282 115.028 195.028 28.0282 37.0282 28.0282 28.0282 28.0282 28.0282 28.0282 28.0282 28.0282 28.0282 28.0282 28.0282 34.0282 28.0282 28.0282 28.0282 389.028 28.0282 28.0282 28.0282 28.0282 28.0282 28.0282 28.0282 72.0282 28.0282 28.0282 28.0282 28.0282 28.0282 84.0282 28.0282 28.0282 28.0282 28.0282 28.0282 28.0282 28.0282 28.0282 28.0282 28.0282 28.0282 208.028 28.0282 28.0282 28.0282 28.0282 28.0282 28.0282 28.0282 28.0282 28.0282 28.0282 28.0282 28.0282 28.0282 28.0282 28.0282 28.0282 55.0282 147.028 30.0282 52.0282 28.0282 28.0282 28.0282 28.0282 28.0282 28.0282 28.0282 28.0282 28.0282 28.0282 28.0282 256.028 29.0282 28.0282 28.0282 28.0282 64.0282 28.0282 28.0282 28.0282 28.0282 28.0282 28.0282 28.0282 28.0282 40.0282 37.0282 58.0282 351.028 28.0282 28.0282 28.0282 74.0282 28.0282 41.0282 28.0282 54.0282 66.0282 70.0282 28.0282 28.0282 28.0282 28.0282 28.0282 28.0282 85.0282 28.0282 33.0282 28.0282 237.028 205.028 47.0282 40.0282 28.0282 28.0282 28.0282 28.0282 69.0282 28.0282 28.0282 28.0282 103.028 80.0282 28.0282 28.0282 28.0282 28.0282 28.0282 28.0282 28.0282 271.028 28.0282 28.0282 28.0282 59.0282 30.0282 28.0282 173.028 28.0282 28.0282 28.0282 28.0282 28.0282 28.0282 28.0282 28.0282 28.0282 28.0282 28.0282 28.0282 28.0282 28.0282 28.0282 28.0282 28.0282 28.0282 28.0282 64.0282 50.0282 28.0282 28.0282 28.0282 28.0282 28.0282 28.0282 28.0282 28.0282 28.0282 28.0282 28.0282 28.0282 28.0282 28.0282 28.0282 222.028 28.0282 28.0282 28.0282 28.0282 28.0282 28.0282 28.0282 160.028 28.0282 28.0282 28.0282 28.0282 28.0282 28.0282 28.0282 28.0282 28.0282 28.0282 80.0282 118.028 28.0282 28.0282 28.0282 28.0282 28.0282 28.0282 28.0282 64.0282 28.0282 28.0282 28.0282 28.0282 96.0282 28.0282 28.0282 28.0282 28.0282 28.0282 28.0282 28.0282 28.0282 28.0282 28.0282 28.0282 28.0282 28.0282 28.0282 28.0282 28.0282 28.0282 28.0282 28.0282 28.0282 28.0282 28.0282 28.0282 28.0282 28.0282 28.0282 166.028 28.0282 28.0282 28.0282 28.0282 28.0282 28.0282 28.0282 28.0282 255.028 28.0282 28.0282 28.0282 28.0282 28.0282 28.0282 28.0282 28.0282 28.0282 28.0282 28.0282 28.0282 28.0282 28.0282 28.0282 28.0282 28.0282 28.0282 28.0282 28.0282 28.0282 28.0282 28.0282 28.0282 28.0282 28.0282 28.0282 28.0282 28.0282 28.0282 28.0282 28.0282 28.0282 28.0282 28.0282 28.0282 28.0282 28.0282 28.0282 28.0282 28.0282 28.0282 28.0282 28.0282 39.0282 28.0282 28.0282 28.0282 28.0282 28.0282 28.0282 28.0282 28.0282 28.0282 55.0282 28.0282 28.0282 28.0282 28.0282 28.0282 28.0282 28.0282 28.0282 28.0282 28.0282 234.028 232.028 99.0282 28.0282 28.0282 28.0282 28.0282 116.028 28.0282 31.0282 28.0282 51.0282 56.0282 31.0282 33.0282 61.0282 28.0282 52.0282 144.028 33.0282 69.0282 179.028 28.0282 32.0282 28.0282 624.028 75.0282 58.0282 48.0282 28.0282 28.0282 28.0282 28.0282 107.028 356.028 85.0282 28.0282 30.0282 29.0282 107.028 434.028 28.0282 51.0282 203.028 28.0282 55.0282 211.028 248.028 28.0282 595.028 42.0282 80.0282 46.0282 28.0282 103.028 54.0282 240.028 28.0282 97.0282 97.0282 343.028 28.0282 28.0282 144.028 262.028 57.0282 121.028 144.028 33.0282 28.0282 40.0282 327.028 28.0282 28.0282 28.0282 28.0282 28.0282 86.0282 28.0282 28.0282 28.0282 28.0282 28.0282 28.0282 28.0282 28.0282 28.0282 28.0282 28.0282 28.0282 28.0282 28.0282 28.0282 28.0282 28.0282 28.0282 28.0282 28.0282 28.0282 28.0282 28.0282 28.0282 28.0282 28.0282 28.0282 28.0282 28.0282 28.0282 28.0282 28.0282 28.0282 28.0282 28.0282 28.0282 28.0282 28.0282 28.0282 28.0282 28.0282 28.0282 28.0282 28.0282 28.0282 28.0282 28.0282 28.0282 28.0282 28.0282 28.0282 28.0282 28.0282 28.0282 28.0282 28.0282 28.0282 31.0282 28.0282 28.0282 28.0282 28.0282 75.0282 54.0282 28.0282 28.0282 28.0282 28.0282 28.0282 42.0282 28.0282 28.0282 28.0282 74.0282 28.0282 28.0282 28.0282 28.0282 28.0282 28.0282 28.0282 28.0282 58.0282 28.0282 28.0282 28.0282 28.0282 28.0282 28.0282 28.0282 100.028 28.0282 28.0282 93.0282 28.0282 28.0282 28.0282 28.0282 28.0282 28.0282 28.0282 76.0282 28.0282 28.0282 35.0282 28.0282 28.0282 28.0282 28.0282 28.0282 28.0282 28.0282 28.0282 28.0282 28.0282 28.0282 28.0282 28.0282 28.0282 394.028 28.0282 30.0282 28.0282 28.0282 28.0282 29.0282 29.0282 28.0282 28.0282 28.0282 28.0282 28.0282 28.0282 28.0282 28.0282 28.0282 28.0282 28.0282 28.0282 28.0282 28.0282 28.0282 28.0282 28.0282 28.0282 28.0282 28.0282 28.0282 28.0282 28.0282 64.0282 28.0282 28.0282 28.0282 40.0282 44.0282 28.0282 28.0282 28.0282 29.0282 28.0282 32.0282 30.0282 28.0282 28.0282 28.0282 210.028 28.0282 28.0282 28.0282 28.0282 28.0282 28.0282 28.0282 28.0282 34.0282 133.028 28.0282 74.0282 238.028 159.028 103.028 28.0282 28.0282 29.0282 28.0282 28.0282 28.0282 28.0282 40.0282 28.0282 28.0282 28.0282 28.0282 28.0282 28.0282 28.0282 28.0282 28.0282 29.0282 28.0282 40.0282 28.0282 28.0282 28.0282 28.0282 28.0282 28.0282 48.0282 28.0282 28.0282 28.0282 28.0282 124.028 28.0282 28.0282 28.0282 28.0282 28.0282 28.0282 28.0282 28.0282 28.0282 28.0282 28.0282 28.0282 28.0282 28.0282 28.0282 28.0282 28.0282 28.0282 28.0282 28.0282 28.0282 28.0282 28.0282 32.0282 28.0282 28.0282 28.0282 28.0282 28.0282 28.0282 28.0282 28.0282 28.0282 28.0282 28.0282 28.0282 28.0282 28.0282 28.0282 28.0282 28.0282 28.0282 28.0282 28.0282 28.0282 28.0282 28.0282 28.0282 28.0282 28.0282 28.0282 28.0282 28.0282 28.0282 28.0282 28.0282 28.0282 28.0282 28.0282 28.0282 28.0282 28.0282 275.028 28.0282 28.0282 28.0282 28.0282 28.0282 28.0282 28.0282 28.0282 28.0282 28.0282 28.0282 28.0282 28.0282 28.0282 28.0282 28.0282 28.0282 213.028 28.0282 28.0282 28.0282 28.0282 28.0282 28.0282 28.0282 28.0282 28.0282 361.028 28.0282 28.0282 28.0282 28.0282 28.0282 28.0282 28.0282 28.0282 28.0282 28.0282 28.0282 28.0282 28.0282 28.0282 28.0282 28.0282 28.0282 28.0282 28.0282 28.0282 28.0282 28.0282 28.0282 28.0282 28.0282 28.0282 28.0282 28.0282 28.0282 28.0282 28.0282 28.0282 28.0282 28.0282 28.0282 28.0282 28.0282 28.0282 28.0282 28.0282 28.0282 1039.03 28.0282 898.028 28.0282 28.0282 28.0282 28.0282 28.0282 28.0282 28.0282 28.0282 28.0282 28.0282 28.0282 28.0282 28.0282 28.0282 28.0282 28.0282 28.0282 28.0282 28.0282 28.0282 28.0282 132.028 28.0282 28.0282 28.0282 28.0282 28.0282 28.0282 28.0282 28.0282 28.0282 28.0282 28.0282 28.0282 28.0282 28.0282 28.0282 28.0282 28.0282 28.0282 28.0282 28.0282 88.0282 80.0282 600.028 28.0282 28.0282 28.0282 28.0282 28.0282 28.0282 28.0282 29.0282 40.0282 28.0282 35.0282 28.0282 51.0282 30.0282 28.0282 28.0282 28.0282 28.0282 40.0282 29.0282 28.0282 197.028 28.0282 33.0282 28.0282 28.0282 28.0282 28.0282 28.0282 28.0282 40.0282 57.0282 360.028 85.0282 151.028 28.0282 28.0282 28.0282 28.0282 28.0282 28.0282 28.0282 28.0282 28.0282 28.0282 28.0282 28.0282 28.0282 28.0282 28.0282 28.0282 28.0282 415.028 398.028 28.0282 28.0282 28.0282 28.0282 28.0282 28.0282 28.0282 28.0282 28.0282 28.0282 28.0282 28.0282 28.0282 28.0282 28.0282 28.0282 28.0282 28.0282 28.0282 28.0282 28.0282 28.0282 28.0282 28.0282 28.0282 28.0282 28.0282 28.0282 28.0282 41.0282 90.0282 28.0282 28.0282 28.0282 28.0282 28.0282 28.0282 28.0282 28.0282 28.0282 28.0282 28.0282 28.0282 28.0282 28.0282 28.0282 28.0282 60.0282 28.0282 28.0282 28.0282 28.0282 28.0282 28.0282 28.0282 28.0282 1429.03 28.0282 28.0282 28.0282 28.0282 28.0282 28.0282 28.0282 28.0282 110.028 28.0282 75.0282 82.0282 28.0282 28.0282 43.0282 93.0282 28.0282 280.028 77.0282 28.0282 28.0282 28.0282 28.0282 171.028 110.028 28.0282 57.0282 192.028 43.0282 30.0282 28.0282 28.0282 28.0282 28.0282 28.0282 43.0282 28.0282 28.0282 28.0282 67.0282 28.0282 46.0282 28.0282 28.0282 28.0282 28.0282 28.0282 28.0282 28.0282 28.0282 28.0282 28.0282 28.0282 38.0282 31.0282 28.0282 28.0282 164.028 28.0282 28.0282 73.0282 28.0282 209.028 28.0282 28.0282 147.028 29.0282 28.0282 28.0282 245.028 58.0282 28.0282 28.0282 28.0282 28.0282 28.0282 28.0282 28.0282 28.0282 34.0282 28.0282 28.0282 28.0282 28.0282 28.0282 28.0282 28.0282 28.0282 28.0282 28.0282 28.0282 28.0282 28.0282 28.0282 28.0282 28.0282 28.0282 28.0282 28.0282 28.0282 28.0282 28.0282 28.0282 28.0282 28.0282 28.0282 28.0282 28.0282 28.0282 28.0282 28.0282 28.0282 28.0282 28.0282 28.0282 28.0282 28.0282 28.0282 28.0282 28.0282 28.0282 28.0282 28.0282 28.0282 28.0282 28.0282 652.028 28.0282 28.0282 28.0282 28.0282 28.0282 28.0282 28.0282 28.0282 28.0282 28.0282 62.0282 28.0282 60.0282 28.0282 28.0282 28.0282 28.0282 28.0282 28.0282 28.0282 28.0282 28.0282 28.0282 28.0282 28.0282 28.0282 40.0282 28.0282 28.0282 28.0282 28.0282 29.0282 28.0282 28.0282 28.0282 28.0282 28.0282 
rewards of Offsets elements: 0 0 0 0 0 0 0 0 0 0 0 33 0 0 0 0 605 0 0 0 1253 0 0 0 400 0 0 641 0 0 4 0 0 309 0 0 0 0 1040 0 0 0 0 0 1 0 0 0 0 0 0 0 0 0 0 0 0 0 0 0 0 0 0 0 0 0 6 33 0 0 0 0 0 0 232 20 0 0 0 0 0 0 0 0 0 0 0 0 0 0 0 0 0 0 0 0 0 0 0 1 0 44 0 0 521 0 0 0 0 0 5 31 128 22 28 3 58 35 103 159 81 0 429 30 0 259 0 0 0 37 87 87 32 0 0 90 4 0 2 26 0 25 0 1 18 42 12 0 5 22 1 0 0 104 12 0 0 545 259 292 0 69 0 0 0 0 0 0 34 0 0 14 31 0 2 0 0 0 0 0 0 0 760 0 0 0 0 0 0 0 158 0 0 0 121 32 0 0 0 0 0 0 0 2 0 0 0 0 0 0 0 0 0 0 0 0 0 0 0 0 4 0 0 0 0 0 0 0 0 0 0 0 0 0 170 0 0 0 0 0 62 0 0 272 0 234 43 0 0 0 0 0 0 0 0 0 0 0 0 0 0 0 0 0 0 0 577 0 0 0 0 0 0 0 0 1832 0 0 0 0 0 0 0 0 0 1 0 0 0 0 0 0 0 0 0 0 0 0 0 0 0 0 0 0 0 0 0 0 0 0 0 0 0 0 0 0 0 0 743 0 0 0 0 0 10 0 55 0 11 0 45 65 0 0 51 0 188 8 7 317 52 0 67 0 0 0 0 0 0 0 0 0 0 0 0 0 0 0 0 0 0 87 167 0 9 0 0 0 0 0 0 0 0 0 0 6 0 0 0 361 0 0 0 0 0 0 0 44 0 0 0 0 0 56 0 0 0 0 0 0 0 0 0 0 0 180 0 0 0 0 0 0 0 0 0 0 0 0 0 0 0 0 27 119 2 24 0 0 0 0 0 0 0 0 0 0 0 228 1 0 0 0 36 0 0 0 0 0 0 0 0 12 9 30 323 0 0 0 46 0 13 0 26 38 42 0 0 0 0 0 0 57 0 5 0 209 177 19 12 0 0 0 0 41 0 0 0 75 52 0 0 0 0 0 0 0 243 0 0 0 31 2 0 145 0 0 0 0 0 0 0 0 0 0 0 0 0 0 0 0 0 0 0 36 22 0 0 0 0 0 0 0 0 0 0 0 0 0 0 0 194 0 0 0 0 0 0 0 132 0 0 0 0 0 0 0 0 0 0 52 90 0 0 0 0 0 0 0 36 0 0 0 0 68 0 0 0 0 0 0 0 0 0 0 0 0 0 0 0 0 0 0 0 0 0 0 0 0 0 0 138 0 0 0 0 0 0 0 0 227 0 0 0 0 0 0 0 0 0 0 0 0 0 0 0 0 0 0 0 0 0 0 0 0 0 0 0 0 0 0 0 0 0 0 0 0 0 0 0 0 0 0 0 0 11 0 0 0 0 0 0 0 0 0 27 0 0 0 0 0 0 0 0 0 0 206 204 71 0 0 0 0 88 0 3 0 23 28 3 5 33 0 24 116 5 41 151 0 4 0 596 47 30 20 0 0 0 0 79 328 57 0 2 1 79 406 0 23 175 0 27 183 220 0 567 14 52 18 0 75 26 212 0 69 69 315 0 0 116 234 29 93 116 5 0 12 299 0 0 0 0 0 58 0 0 0 0 0 0 0 0 0 0 0 0 0 0 0 0 0 0 0 0 0 0 0 0 0 0 0 0 0 0 0 0 0 0 0 0 0 0 0 0 0 0 0 0 0 0 0 0 0 0 0 0 0 0 0 0 0 3 0 0 0 0 47 26 0 0 0 0 0 14 0 0 0 46 0 0 0 0 0 0 0 0 30 0 0 0 0 0 0 0 72 0 0 65 0 0 0 0 0 0 0 48 0 0 7 0 0 0 0 0 0 0 0 0 0 0 0 0 0 366 0 2 0 0 0 1 1 0 0 0 0 0 0 0 0 0 0 0 0 0 0 0 0 0 0 0 0 0 0 0 36 0 0 0 12 16 0 0 0 1 0 4 2 0 0 0 182 0 0 0 0 0 0 0 0 6 105 0 46 210 131 75 0 0 1 0 0 0 0 12 0 0 0 0 0 0 0 0 0 1 0 12 0 0 0 0 0 0 20 0 0 0 0 96 0 0 0 0 0 0 0 0 0 0 0 0 0 0 0 0 0 0 0 0 0 0 0 4 0 0 0 0 0 0 0 0 0 0 0 0 0 0 0 0 0 0 0 0 0 0 0 0 0 0 0 0 0 0 0 0 0 0 0 0 0 0 247 0 0 0 0 0 0 0 0 0 0 0 0 0 0 0 0 0 185 0 0 0 0 0 0 0 0 0 333 0 0 0 0 0 0 0 0 0 0 0 0 0 0 0 0 0 0 0 0 0 0 0 0 0 0 0 0 0 0 0 0 0 0 0 0 0 0 0 0 0 1011 0 870 0 0 0 0 0 0 0 0 0 0 0 0 0 0 0 0 0 0 0 0 0 104 0 0 0 0 0 0 0 0 0 0 0 0 0 0 0 0 0 0 0 0 60 52 572 0 0 0 0 0 0 0 1 12 0 7 0 23 2 0 0 0 0 12 1 0 169 0 5 0 0 0 0 0 0 12 29 332 57 123 0 0 0 0 0 0 0 0 0 0 0 0 0 0 0 0 0 387 370 0 0 0 0 0 0 0 0 0 0 0 0 0 0 0 0 0 0 0 0 0 0 0 0 0 0 0 0 0 13 62 0 0 0 0 0 0 0 0 0 0 0 0 0 0 0 0 32 0 0 0 0 0 0 0 0 1401 0 0 0 0 0 0 0 0 82 0 47 54 0 0 15 65 0 252 49 0 0 0 0 143 82 0 29 164 15 2 0 0 0 0 0 15 0 0 0 39 0 18 0 0 0 0 0 0 0 0 0 0 0 10 3 0 0 136 0 0 45 0 181 0 0 119 1 0 0 217 30 0 0 0 0 0 0 0 0 6 0 0 0 0 0 0 0 0 0 0 0 0 0 0 0 0 0 0 0 0 0 0 0 0 0 0 0 0 0 0 0 0 0 0 0 0 0 0 0 0 0 0 0 0 0 0 624 0 0 0 0 0 0 0 0 0 0 34 0 32 0 0 0 0 0 0 0 0 0 0 0 0 0 12 0 0 0 0 1 0 0 0 0 0 Printing Sanity3
offset_index value1422
offset list size1422
reward size1422
potential size1422
-----------------------------------------------------------------------------------------------------------------------------------------------------------------------------------------------------

DRAM Statistics
 CHANNEL 0
 RQ ROW_BUFFER_HIT:      63172  ROW_BUFFER_MISS:     220588
 DBUS_CONGESTED:        154
 WQ ROW_BUFFER_HIT:      23229  ROW_BUFFER_MISS:     144686  FULL:          0

 AVG_CONGESTED_CYCLE: 4
 All warmup complete: 2
Channel 0 Bank busy for read cycles: 0
Channel 0 Bank busy for write cycles: 0
Channel 0
Rank 0
0banks busy for read cycles: 541674527
0banks busy for write cycles: 80702
1banks busy for read cycles: 19320572
1banks busy for write cycles: 11086574
2banks busy for read cycles: 4263930
2banks busy for write cycles: 3052772
3banks busy for read cycles: 1088437
3banks busy for write cycles: 1133500
4banks busy for read cycles: 226276
4banks busy for write cycles: 486734
5banks busy for read cycles: 79172
5banks busy for write cycles: 242410
6banks busy for read cycles: 77477
6banks busy for write cycles: 141062
7banks busy for read cycles: 113805
7banks busy for write cycles: 118517
8banks busy for read cycles: 341917
8banks busy for write cycles: 576014

CPU 0 Branch Prediction Accuracy: 99.6871% MPKI: 0.60392 Average ROB Occupancy at Mispredict: 14.1199
Branch types
NOT_BRANCH: 161399032 80.6995%
BRANCH_DIRECT_JUMP: 1794172 0.897086%
BRANCH_INDIRECT: 10896773 5.44839%
BRANCH_CONDITIONAL: 17825944 8.91297%
BRANCH_DIRECT_CALL: 3261049 1.63052%
BRANCH_INDIRECT_CALL: 780950 0.390475%
BRANCH_RETURN: 4042055 2.02103%
BRANCH_OTHER: 0 0%

DRAM PAGES: 1048576
Allocated PAGES: 4418
