
*** ChampSim Multicore Out-of-Order Simulator ***

Warmup Instructions: 50000000
Simulation Instructions: 200000000
Number of CPUs: 1
LLC sets: 2048
LLC ways: 16
Off-chip DRAM Size: 4096 MB Channels: 1 Width: 64-bit Data Rate: 6400 MT/s
CPU 0 runs traces/spec2k17/srv_19.champsimtrace.xz
.xz
BTB has LRU replacement policy
ITLB has LRU replacement policy
DTLB has LRU replacement policy
STLB has LRU replacement policy
L1I has LRU replacement policy
L1D has LRU replacement policy
Initialize SRRIP state for L2C
Initialize DRRIP state for LLC
Heartbeat CPU 0 instructions: 10000001 cycles: 2836659 heartbeat IPC: 3.52527 cumulative IPC: 3.52527 (Simulation time: 0 hr 0 min 34 sec) 
Heartbeat CPU 0 instructions: 20000000 cycles: 5665353 heartbeat IPC: 3.5352 cumulative IPC: 3.53023 (Simulation time: 0 hr 1 min 9 sec) 
Heartbeat CPU 0 instructions: 30000001 cycles: 8493021 heartbeat IPC: 3.53648 cumulative IPC: 3.53231 (Simulation time: 0 hr 1 min 44 sec) 
*** Reached end of trace for Core: 0 Repeating trace: traces/spec2k17/srv_19.champsimtrace.xz
Heartbeat CPU 0 instructions: 40000002 cycles: 11322367 heartbeat IPC: 3.53439 cumulative IPC: 3.53283 (Simulation time: 0 hr 2 min 17 sec) 
Heartbeat CPU 0 instructions: 50000000 cycles: 14149940 heartbeat IPC: 3.5366 cumulative IPC: 3.53358 (Simulation time: 0 hr 2 min 50 sec) 

Warmup complete CPU 0 instructions: 50000004 cycles: 14149941 (Simulation time: 0 hr 2 min 50 sec) 

Offsets elements: 
Potential of Offsets elements: 
rewards of Offsets elements: 
Printing Sanity1
offset list size2300
Offsets elements: 
Potential of Offsets elements: 
rewards of Offsets elements: 0 633 965 0 0 707 904 0 0 0 0 0 0 0 750 516 0 0 0 1517 0 0 0 928 0 598 0 0 0 0 0 614 0 7 42 114 591 0 0 0 0 567 0 0 0 0 350 0 1302 0 0 0 0 0 0 0 0 231 98 0 0 0 0 0 0 0 0 365 0 0 0 0 3 4 14 4 0 0 0 0 0 0 0 0 0 0 0 0 13 0 0 0 0 0 0 0 0 0 0 30 0 0 0 0 0 0 0 0 0 0 0 0 0 0 0 3 0 6 0 0 0 0 0 0 0 0 0 0 0 0 0 0 0 0 0 0 0 0 0 0 0 0 0 0 0 0 0 0 0 0 0 0 0 0 0 0 0 387 22 0 0 0 0 0 0 0 0 0 0 0 0 0 0 462 0 0 0 0 0 0 0 0 0 0 0 0 0 0 0 0 0 314 0 0 0 0 0 0 0 1 0 0 58 0 0 0 0 0 0 0 0 0 0 0 0 0 0 0 0 0 0 0 0 0 0 1 0 0 0 0 0 0 0 0 0 0 0 0 0 0 0 0 148 0 0 0 0 0 0 0 0 0 0 0 0 0 0 0 0 0 0 0 0 0 0 0 0 0 0 0 0 0 0 0 0 0 0 0 0 0 0 0 0 0 25 6 0 0 0 0 0 0 0 0 0 0 0 0 0 0 0 0 0 0 0 0 0 0 0 88 6 0 0 0 0 0 0 0 0 0 0 0 0 65 0 0 203 3 0 418 0 0 0 0 0 0 0 0 0 0 0 0 0 0 0 0 0 0 0 0 0 0 0 0 0 0 0 0 0 0 0 0 0 0 0 0 0 0 0 0 86 26 0 0 0 0 0 0 0 0 0 0 0 0 0 0 0 16 0 0 0 0 0 0 0 0 0 0 0 0 0 0 0 0 0 0 0 0 0 0 0 0 0 30 0 0 0 0 0 0 0 0 0 0 0 0 0 0 0 0 0 0 0 0 17 0 0 0 0 0 0 0 0 0 0 0 0 0 0 0 0 377 0 0 0 172 7 1 0 0 0 0 0 0 0 156 428 0 0 0 0 0 0 0 0 0 8 68 0 0 0 0 0 0 0 0 0 0 0 0 0 281 0 0 0 0 0 0 106 0 0 0 0 0 0 0 0 0 0 0 0 0 0 0 0 0 0 0 0 4 26 0 9 0 0 0 0 0 0 0 0 0 0 0 0 0 61 0 0 0 128 0 0 0 0 0 0 0 0 0 0 0 0 0 0 0 0 0 0 0 0 0 0 0 0 0 0 0 0 0 0 2 567 0 0 0 0 0 0 0 0 0 0 6 0 0 10 0 0 0 0 0 0 0 0 0 0 0 0 0 0 32 0 66 0 0 0 0 0 0 0 0 0 0 0 0 0 0 0 0 0 0 0 0 0 0 0 0 0 0 0 0 0 0 0 0 0 0 0 0 0 0 0 334 0 0 9 0 0 0 0 0 0 0 264 0 0 436 153 0 0 0 0 251 0 0 0 0 0 64 119 0 0 0 0 0 0 0 0 0 0 0 0 0 8 0 0 0 3 0 0 0 0 0 0 0 0 0 0 0 0 0 0 0 0 0 0 0 12 19 0 1 30 4 18 0 0 48 0 0 0 0 0 0 0 41 36 0 0 4 0 0 0 0 0 0 0 0 0 8 0 0 0 0 0 0 0 0 0 0 3 0 0 0 0 0 0 0 0 0 65 0 0 0 0 0 0 176 69 0 0 19 0 0 0 0 0 0 0 0 0 0 0 0 0 0 0 0 0 0 0 0 4 0 0 0 361 290 441 0 0 0 132 1932 0 0 0 0 0 0 56 0 0 0 32 0 0 1512 0 0 0 0 0 0 1 0 0 0 0 0 0 0 0 0 0 0 0 0 0 0 0 0 6 0 0 0 0 0 0 0 0 62 0 2 0 0 3 0 345 269 0 0 0 0 0 0 0 0 0 0 0 0 93 5 437 22 0 13 0 2 500 0 182 0 0 0 0 0 0 0 0 0 0 0 0 4 0 8 22 30 15 0 0 0 0 0 0 0 0 0 0 0 0 0 0 0 0 0 0 0 0 20 0 0 0 0 0 0 0 0 0 0 0 0 0 0 0 0 0 0 0 66 0 0 0 0 0 164 0 0 0 0 0 0 0 0 0 0 0 0 0 0 110 6 0 0 0 0 0 0 0 0 0 0 0 0 0 0 0 0 0 0 28 184 3 0 0 0 0 0 0 0 0 0 0 0 0 0 0 0 0 0 0 0 133 0 0 0 0 0 0 0 0 0 0 0 0 0 0 385 0 0 0 94 0 0 22 0 0 0 0 0 0 0 0 0 0 0 0 0 0 0 0 0 12 0 0 0 0 0 0 0 0 0 0 0 0 27 0 0 0 0 0 0 0 0 0 0 31 15 0 0 0 0 0 0 0 0 231 0 0 0 0 0 304 17 0 0 0 0 0 0 0 0 0 0 0 0 0 0 0 0 0 0 0 13 0 0 0 0 412 0 0 0 0 0 0 0 0 0 2 0 0 0 0 0 8 0 31 0 0 3 0 0 0 0 0 171 0 0 0 0 0 0 0 0 0 0 0 0 157 0 89 26 0 0 0 0 0 0 0 0 0 0 0 0 0 0 30 0 0 41 0 0 0 8 3 0 0 0 0 0 0 0 0 0 0 0 0 0 0 0 0 0 0 2 0 0 44 0 0 0 0 0 0 0 0 0 0 157 0 0 24 0 51 0 0 0 0 0 0 0 0 0 0 0 150 0 0 0 0 0 0 0 0 0 0 0 0 0 90 0 0 0 0 0 0 0 0 0 0 0 0 0 0 0 0 0 12 1107 0 0 0 0 0 0 0 0 0 0 0 0 2 0 0 0 6 0 0 9 0 0 0 0 0 0 0 36 0 0 0 0 0 0 0 0 0 0 0 0 0 0 0 0 0 0 0 0 0 0 0 0 0 0 5 0 0 0 0 0 0 0 0 0 0 0 0 0 0 0 0 0 0 0 0 0 0 0 0 0 0 0 2 0 0 0 57 56 40 15 30 0 0 0 0 270 191 0 0 104 0 0 0 0 0 0 0 0 0 0 0 0 0 84 40 31 0 0 0 0 0 0 0 52 126 448 2 180 456 0 0 0 0 0 0 0 0 0 0 0 0 0 0 0 0 0 0 0 0 0 0 0 0 0 0 0 0 0 0 0 0 0 0 0 0 0 0 18 0 0 0 1 0 0 0 0 0 0 0 0 0 0 0 0 0 0 0 81 0 0 0 0 0 0 0 0 0 0 0 2 0 20 0 0 0 0 0 0 0 0 0 0 0 0 0 0 52 0 0 0 0 0 0 0 0 0 0 0 4 0 0 1 0 0 0 0 0 0 0 0 0 0 0 190 0 0 0 0 0 0 0 25 0 1 0 0 0 54 0 0 0 0 0 2 0 0 0 0 0 0 0 0 0 0 0 0 0 0 0 2 0 0 0 0 50 0 0 0 0 0 0 0 0 12 1 0 0 0 0 0 0 0 0 0 42 216 0 0 0 0 0 0 0 0 0 0 0 0 0 0 0 0 0 0 0 0 105 0 0 0 0 0 0 0 6 218 0 10 0 58 0 0 0 0 196 0 0 0 2 0 0 0 0 0 0 0 0 0 0 0 0 0 0 0 0 0 3 0 0 0 0 0 0 0 0 0 0 89 0 0 98 0 0 0 0 0 0 0 0 0 0 0 0 0 0 0 0 0 0 0 0 0 0 0 0 0 0 0 0 322 0 0 0 0 0 0 0 0 0 49 195 0 3 0 0 0 0 0 0 0 0 20 0 2 0 0 0 0 0 12 0 0 0 0 0 0 0 0 0 0 0 0 0 0 0 0 0 0 0 0 0 315 198 0 215 0 126 0 0 0 0 3 2 2 0 0 0 0 0 0 0 0 0 132 0 0 0 0 0 0 0 0 82 0 0 0 0 0 0 0 0 0 0 0 704 8 24 168 0 10 0 0 0 20 78 32 0 0 0 0 0 0 0 0 0 0 0 0 0 0 0 0 0 0 0 0 0 0 0 0 0 0 0 14 0 0 252 0 66 3 0 0 0 208 0 16 165 0 0 0 0 0 0 0 0 0 59 0 0 0 0 0 0 0 0 0 0 0 0 0 0 0 0 0 0 0 0 16 884 225 50 0 0 0 0 0 0 43 43 0 0 0 0 4 0 0 0 0 0 0 0 0 0 0 0 0 0 0 0 0 0 0 7 6 0 0 0 0 0 0 0 0 0 0 0 0 0 0 0 0 0 0 0 0 0 0 0 0 0 0 0 0 0 0 0 0 0 0 0 0 0 0 0 0 0 0 0 0 0 11 0 0 0 0 0 0 0 61 45 93 8 100 45 0 138 0 4 0 0 0 0 0 0 0 0 0 0 0 30 0 0 0 0 0 0 0 0 0 0 0 0 0 0 0 0 0 0 0 52 0 2 0 0 0 0 0 0 0 0 33 0 0 0 0 0 0 0 0 0 0 0 0 0 0 0 1 0 0 0 0 0 0 0 0 0 0 0 0 0 0 0 0 158 2 0 0 0 0 0 0 0 0 1 3 0 0 0 0 0 0 0 52 0 8 0 0 0 0 0 0 0 0 0 0 0 0 0 0 117 0 0 0 0 0 10 0 0 0 0 0 0 0 0 0 0 0 0 0 0 0 0 0 0 46 0 0 0 0 0 0 0 0 0 0 0 0 0 0 0 0 0 0 0 0 0 0 0 480 0 0 0 0 0 0 0 0 0 6 0 2 0 0 0 0 0 0 0 0 0 0 0 0 0 12 23 0 0 0 0 0 0 0 0 0 0 0 0 0 0 132 0 0 0 0 0 0 46 0 214 0 0 0 0 0 0 0 0 0 0 0 43 0 0 0 0 0 0 90 140 4 0 0 0 0 0 0 0 0 0 0 0 15 0 0 0 0 0 3 0 3 0 0 0 0 0 0 0 0 0 0 0 0 0 0 0 0 0 0 0 0 0 0 0 0 0 0 0 0 0 20 0 0 0 4 0 0 0 0 0 26 0 0 0 0 0 0 0 0 0 0 0 0 0 0 0 0 0 0 0 0 0 0 0 0 0 0 0 0 0 0 0 0 0 0 0 102 224 0 0 0 0 0 0 0 0 0 0 0 0 0 0 0 0 0 0 0 0 0 0 0 
Printing Sanity2
Heartbeat CPU 0 instructions: 60000001 cycles: 46799220 heartbeat IPC: 0.306286 cumulative IPC: 0.306285 (Simulation time: 0 hr 3 min 56 sec) 
*** Reached end of trace for Core: 0 Repeating trace: traces/spec2k17/srv_19.champsimtrace.xz
Heartbeat CPU 0 instructions: 70000003 cycles: 79683532 heartbeat IPC: 0.304096 cumulative IPC: 0.305187 (Simulation time: 0 hr 5 min 4 sec) 
Heartbeat CPU 0 instructions: 80000000 cycles: 112366046 heartbeat IPC: 0.305974 cumulative IPC: 0.305449 (Simulation time: 0 hr 6 min 10 sec) 
Heartbeat CPU 0 instructions: 90000001 cycles: 145101051 heartbeat IPC: 0.305483 cumulative IPC: 0.305457 (Simulation time: 0 hr 7 min 18 sec) 
*** Reached end of trace for Core: 0 Repeating trace: traces/spec2k17/srv_19.champsimtrace.xz
Heartbeat CPU 0 instructions: 100000000 cycles: 177840054 heartbeat IPC: 0.305446 cumulative IPC: 0.305455 (Simulation time: 0 hr 8 min 26 sec) 
Heartbeat CPU 0 instructions: 110000000 cycles: 210513011 heartbeat IPC: 0.306064 cumulative IPC: 0.305556 (Simulation time: 0 hr 9 min 35 sec) 
Heartbeat CPU 0 instructions: 120000000 cycles: 243262077 heartbeat IPC: 0.305352 cumulative IPC: 0.305527 (Simulation time: 0 hr 10 min 41 sec) 
*** Reached end of trace for Core: 0 Repeating trace: traces/spec2k17/srv_19.champsimtrace.xz
Heartbeat CPU 0 instructions: 130000001 cycles: 275934658 heartbeat IPC: 0.306067 cumulative IPC: 0.305595 (Simulation time: 0 hr 11 min 49 sec) 
Heartbeat CPU 0 instructions: 140000000 cycles: 308519480 heartbeat IPC: 0.306891 cumulative IPC: 0.305738 (Simulation time: 0 hr 12 min 55 sec) 
Heartbeat CPU 0 instructions: 150000000 cycles: 341249156 heartbeat IPC: 0.305533 cumulative IPC: 0.305718 (Simulation time: 0 hr 14 min 3 sec) 
*** Reached end of trace for Core: 0 Repeating trace: traces/spec2k17/srv_19.champsimtrace.xz
Heartbeat CPU 0 instructions: 160000001 cycles: 373968829 heartbeat IPC: 0.305627 cumulative IPC: 0.305709 (Simulation time: 0 hr 15 min 8 sec) 
Heartbeat CPU 0 instructions: 170000000 cycles: 406607458 heartbeat IPC: 0.306385 cumulative IPC: 0.305766 (Simulation time: 0 hr 16 min 14 sec) 
Heartbeat CPU 0 instructions: 180000002 cycles: 439335963 heartbeat IPC: 0.305544 cumulative IPC: 0.305749 (Simulation time: 0 hr 17 min 20 sec) 
*** Reached end of trace for Core: 0 Repeating trace: traces/spec2k17/srv_19.champsimtrace.xz
Heartbeat CPU 0 instructions: 190000001 cycles: 471922681 heartbeat IPC: 0.306873 cumulative IPC: 0.305829 (Simulation time: 0 hr 18 min 27 sec) 
Heartbeat CPU 0 instructions: 200000000 cycles: 504663174 heartbeat IPC: 0.305432 cumulative IPC: 0.305802 (Simulation time: 0 hr 19 min 34 sec) 
Heartbeat CPU 0 instructions: 210000000 cycles: 537437245 heartbeat IPC: 0.305119 cumulative IPC: 0.305759 (Simulation time: 0 hr 20 min 42 sec) 
*** Reached end of trace for Core: 0 Repeating trace: traces/spec2k17/srv_19.champsimtrace.xz
Heartbeat CPU 0 instructions: 220000000 cycles: 569989237 heartbeat IPC: 0.307201 cumulative IPC: 0.305844 (Simulation time: 0 hr 21 min 49 sec) 
Heartbeat CPU 0 instructions: 230000001 cycles: 602687925 heartbeat IPC: 0.305823 cumulative IPC: 0.305843 (Simulation time: 0 hr 22 min 56 sec) 
Heartbeat CPU 0 instructions: 240000000 cycles: 635347036 heartbeat IPC: 0.306193 cumulative IPC: 0.305861 (Simulation time: 0 hr 24 min 3 sec) 
Heartbeat CPU 0 instructions: 250000001 cycles: 667987437 heartbeat IPC: 0.306369 cumulative IPC: 0.305886 (Simulation time: 0 hr 25 min 9 sec) 
Finished CPU 0 instructions: 200000000 cycles: 653837530 cumulative IPC: 0.305886 (Simulation time: 0 hr 25 min 9 sec) 

ChampSim completed all CPUs

Region of Interest Statistics

CPU 0 cumulative IPC: 0.305886 instructions: 200000000 cycles: 653837530
ITLB TOTAL     ACCESS:   35341995  HIT:   33106267  MISS:    2235728  HIT %:     93.674  MISS %:    6.32598   MPKI: 11.1786
ITLB LOAD TRANSLATION ACCESS:   35341995  HIT:   33106267  MISS:    2235728  HIT %:     93.674  MISS %:    6.32598   MPKI: 11.1786
ITLB PREFETCH  REQUESTED:          0  ISSUED:          0  USEFUL:          0  USELESS:          0
ITLB USEFUL LOAD PREFETCHES:          0 PREFETCH ISSUED TO LOWER LEVEL:          0  ACCURACY: -nan
ITLB TIMELY PREFETCHES:          0 LATE PREFETCHES: 0 DROPPED PREFETCHES: 0
ITLB PREFETCHES SAME FILL-ORIGIN LEVEL: 0 DIFFERENT FILL-ORIGIN LEVEL: 0
ITLB AVERAGE MISS LATENCY: 9.20856 cycles
ITLB RQ	ACCESS:   41656288	FORWARD:          0	MERGED:    5785024	TO_CACHE:   35871264

DTLB TOTAL     ACCESS:   45764564  HIT:   43652334  MISS:    2112230  HIT %:    95.3846  MISS %:    4.61543   MPKI: 10.5611
DTLB LOAD TRANSLATION ACCESS:   45764564  HIT:   43652334  MISS:    2112230  HIT %:    95.3846  MISS %:    4.61543   MPKI: 10.5611
DTLB PREFETCH  REQUESTED:          0  ISSUED:          0  USEFUL:          0  USELESS:          0
DTLB USEFUL LOAD PREFETCHES:          0 PREFETCH ISSUED TO LOWER LEVEL:          0  ACCURACY: -nan
DTLB TIMELY PREFETCHES:          0 LATE PREFETCHES: 0 DROPPED PREFETCHES: 0
DTLB PREFETCHES SAME FILL-ORIGIN LEVEL: 0 DIFFERENT FILL-ORIGIN LEVEL: 0
DTLB AVERAGE MISS LATENCY: 10.3979 cycles
DTLB RQ	ACCESS:   60493992	FORWARD:          0	MERGED:   14673281	TO_CACHE:   45820711

STLB TOTAL     ACCESS:   12324284  HIT:   12260213  MISS:      64071  HIT %:    99.4801  MISS %:   0.519876   MPKI: 0.320355
STLB LOAD TRANSLATION ACCESS:    4347957  HIT:    4284731  MISS:      63226  HIT %:    98.5458  MISS %:    1.45415   MPKI: 0.31613
STLB TRANSLATION FROM L1D PREFETCHER ACCESS:    7976327  HIT:    7975482  MISS:        845  HIT %:    99.9894  MISS %:  0.0105938   MPKI: 0.004225
STLB PREFETCH  REQUESTED:          0  ISSUED:          0  USEFUL:        653  USELESS:        189
STLB USEFUL LOAD PREFETCHES:        653 PREFETCH ISSUED TO LOWER LEVEL:          0  ACCURACY: inf
STLB TIMELY PREFETCHES:        653 LATE PREFETCHES: 68 DROPPED PREFETCHES: 44323
STLB PREFETCHES SAME FILL-ORIGIN LEVEL: 0 DIFFERENT FILL-ORIGIN LEVEL: 0
STLB AVERAGE MISS LATENCY: 2248.54 cycles
STLB RQ	ACCESS:   13979472	FORWARD:          0	MERGED:    1598531	TO_CACHE:   12380941

STLB Hit, L1D data hit: 0
STLB Hit, L2C data hit: 0
STLB Hit, LLC data hit: 0
STLB Hit, LLC data miss: 0
STLB STLB hints to L2: 0
L1D TOTAL     ACCESS:   68027101  HIT:   61781075  MISS:    6246026  HIT %:    90.8183  MISS %:    9.18167   MPKI: 31.2301
L1D LOAD      ACCESS:   33729015  HIT:   30449677  MISS:    3279338  HIT %:    90.2774  MISS %:     9.7226   MPKI: 16.3967
L1D RFO       ACCESS:   24943405  HIT:   23802369  MISS:    1141036  HIT %:    95.4255  MISS %:     4.5745   MPKI: 5.70518
L1D PREFETCH  ACCESS:    9354681  HIT:    7529029  MISS:    1825652  HIT %:    80.4841  MISS %:    19.5159   MPKI: 9.12826
AGUS PREFETCH L1 MISS: 0
L1D PREFETCH  REQUESTED:   19516885  ISSUED:   19516885  USEFUL:     696313  USELESS:    1129220
L1D USEFUL LOAD PREFETCHES:     696313 PREFETCH ISSUED TO LOWER LEVEL:    1947621  ACCURACY: 35.752
L1D TIMELY PREFETCHES:     696313 LATE PREFETCHES: 121922 DROPPED PREFETCHES: 67352
L1D PREFETCHES SAME FILL-ORIGIN LEVEL: 1947621 DIFFERENT FILL-ORIGIN LEVEL: 0
L1D AVERAGE MISS LATENCY: 6.87222e+06 cycles
L1D RQ	ACCESS:   46431879	FORWARD:          0	MERGED:   12270534	TO_CACHE:   33844294
L1D WQ	ACCESS:   26793542	FORWARD:     325289	MERGED:     143844	TO_CACHE:   26649698
L1D PQ	ACCESS:    9885370	FORWARD:          0	MERGED:     245617	TO_CACHE:    9631515

L1D UNIQUE REGIONS ACCESSED: 0
L1D REGIONS CONFLICTS: 0
L1D Cross Page Prefetch Requests: 422661
L1D Same Page Prefetch Requests: 9462709
L1D ROI Sum of L1D PQ occupancy: 122996602
L1D PREFETCHES PUSHED FROM L2C: 0
L1I TOTAL     ACCESS:   39960804  HIT:   28615951  MISS:   11344853  HIT %:      71.61  MISS %:      28.39   MPKI: 56.7243
L1I LOAD      ACCESS:   39960804  HIT:   28615951  MISS:   11344853  HIT %:      71.61  MISS %:      28.39   MPKI: 56.7243
L1I PREFETCH  REQUESTED:          0  ISSUED:          0  USEFUL:          0  USELESS:          0
L1I USEFUL LOAD PREFETCHES:          0 PREFETCH ISSUED TO LOWER LEVEL:          0  ACCURACY: -nan
L1I TIMELY PREFETCHES:          0 LATE PREFETCHES: 0 DROPPED PREFETCHES: 0
L1I PREFETCHES SAME FILL-ORIGIN LEVEL: 0 DIFFERENT FILL-ORIGIN LEVEL: 0
L1I AVERAGE MISS LATENCY: 16.0341 cycles
L1I RQ	ACCESS:   58680298	FORWARD:          0	MERGED:   17024010	TO_CACHE:   41656288

BTB TOTAL     ACCESS:   30556675  HIT:   18035302  MISS:   12521373  HIT %:    59.0225  MISS %:    40.9775   MPKI: 62.6069
BTB BRANCH_DIRECT_JUMP	ACCESS:    2074383  HIT:    1262779  MISS:     811604
BTB BRANCH_INDIRECT	ACCESS:   12202008  HIT:    7365935  MISS:    4836073
BTB BRANCH_CONDITIONAL	ACCESS:    7050334  HIT:    5793232  MISS:    1257102
BTB BRANCH_DIRECT_CALL	ACCESS:    3880637  HIT:    1846862  MISS:    2033775
BTB BRANCH_INDIRECT_CALL	ACCESS:     734371  HIT:     365103  MISS:     369268
BTB BRANCH_RETURN	ACCESS:    4614942  HIT:    1401391  MISS:    3213551
BTB BRANCH_OTHER ACCESS:          0  HIT:          0  MISS:          0

L2C TOTAL     ACCESS:   20064853  HIT:   18626210  MISS:    1438643  HIT %:      92.83  MISS %:    7.16997   MPKI: 7.19322
L2C LOAD      ACCESS:   14502234  HIT:   13473988  MISS:    1028246  HIT %:    92.9097  MISS %:    7.09026   MPKI: 5.14123
L2C DATA LOAD MPKI: 1.48773
L2C INSTRUCTION LOAD MPKI: 3.6535
L2C RFO       ACCESS:    1140973  HIT:    1063235  MISS:      77738  HIT %:    93.1867  MISS %:    6.81331   MPKI: 0.38869
L2C PREFETCH  ACCESS:    1947621  HIT:    1685447  MISS:     262174  HIT %:    86.5388  MISS %:    13.4612   MPKI: 1.31087
AGUS PREFETCH L1 MISS: 0
L2C DATA PREFETCH MPKI: 1.31087
L2C INSTRUCTION PREFETCH MPKI: 0
L2C WRITEBACK ACCESS:    2297148  HIT:    2272615  MISS:      24533  HIT %:     98.932  MISS %:    1.06798   MPKI: 0.122665
L2C LOAD TRANSLATION ACCESS:      96809  HIT:      51718  MISS:      45091  HIT %:    53.4227  MISS %:    46.5773   MPKI: 0.225455
L2C TRANSLATION FROM L1D PREFETCHER ACCESS:      80068  HIT:      79207  MISS:        861  HIT %:    98.9247  MISS %:    1.07534   MPKI: 0.004305
L2C PREFETCH  REQUESTED:          0  ISSUED:          0  USEFUL:       3682  USELESS:     258068
L2C USEFUL LOAD PREFETCHES:       3682 PREFETCH ISSUED TO LOWER LEVEL:     262174  ACCURACY: 1.40441
L2C TIMELY PREFETCHES:       3682 LATE PREFETCHES: 0 DROPPED PREFETCHES: 0
L2C PREFETCHES SAME FILL-ORIGIN LEVEL: 0 DIFFERENT FILL-ORIGIN LEVEL: 0
L2C AVERAGE MISS LATENCY: 38.3749 cycles
L2C RQ	ACCESS:   15820136	FORWARD:          0	MERGED:          0	TO_CACHE:   15820085
L2C WQ	ACCESS:    2297149	FORWARD:         51	MERGED:          0	TO_CACHE:    2297149
L2C PQ	ACCESS:    1947621	FORWARD:          0	MERGED:          0	TO_CACHE:    1947621

L2C Instructions Evicting Data 275400
L2C Translations Evicting Data 31721
L2C Data Evicting Data 347320
L2C Instructions Evicting Instructions 443915
L2C Translations Evicting Instructions 11100
L2C Data Evicting Instructions 258863
L2C Instructions Evicting Translations 11385
L2C Translations Evicting Translations 3131
L2C Data Evicting Translations 31275
L2C Dense regions hint from L2: 0
PSCL5 TOTAL     ACCESS:     106563  HIT:     106563  MISS:          0  HIT %:        100  MISS %:          0   MPKI: 0
PSCL5 LOAD TRANSLATION ACCESS:      63158  HIT:      63158  MISS:          0  HIT %:        100  MISS %:          0   MPKI: 0
PSCL5 TRANSLATION FROM L1D PREFETCHER ACCESS:      43405  HIT:      43405  MISS:          0  HIT %:        100  MISS %:          0   MPKI: 0
PSCL5 PREFETCH  REQUESTED:          0  ISSUED:          0  USEFUL:          0  USELESS:          0
PSCL5 USEFUL LOAD PREFETCHES:          0 PREFETCH ISSUED TO LOWER LEVEL:          0  ACCURACY: -nan
PSCL5 TIMELY PREFETCHES:          0 LATE PREFETCHES: 0 DROPPED PREFETCHES: 0
PSCL5 PREFETCHES SAME FILL-ORIGIN LEVEL: 0 DIFFERENT FILL-ORIGIN LEVEL: 0

PSCL4 TOTAL     ACCESS:      72390  HIT:      71707  MISS:        683  HIT %:    99.0565  MISS %:     0.9435   MPKI: 0.003415
PSCL4 LOAD TRANSLATION ACCESS:      61479  HIT:      60796  MISS:        683  HIT %:    98.8891  MISS %:    1.11095   MPKI: 0.003415
PSCL4 TRANSLATION FROM L1D PREFETCHER ACCESS:      10911  HIT:      10911  MISS:          0  HIT %:        100  MISS %:          0   MPKI: 0
PSCL4 PREFETCH  REQUESTED:          0  ISSUED:          0  USEFUL:          0  USELESS:          0
PSCL4 USEFUL LOAD PREFETCHES:          0 PREFETCH ISSUED TO LOWER LEVEL:          0  ACCURACY: -nan
PSCL4 TIMELY PREFETCHES:          0 LATE PREFETCHES: 0 DROPPED PREFETCHES: 0
PSCL4 PREFETCHES SAME FILL-ORIGIN LEVEL: 0 DIFFERENT FILL-ORIGIN LEVEL: 0

PSCL3 TOTAL     ACCESS:     102587  HIT:     101904  MISS:        683  HIT %:    99.3342  MISS %:   0.665776   MPKI: 0.003415
PSCL3 LOAD TRANSLATION ACCESS:      63021  HIT:      62338  MISS:        683  HIT %:    98.9162  MISS %:    1.08377   MPKI: 0.003415
PSCL3 TRANSLATION FROM L1D PREFETCHER ACCESS:      39566  HIT:      39566  MISS:          0  HIT %:        100  MISS %:          0   MPKI: 0
PSCL3 PREFETCH  REQUESTED:          0  ISSUED:          0  USEFUL:          0  USELESS:          0
PSCL3 USEFUL LOAD PREFETCHES:          0 PREFETCH ISSUED TO LOWER LEVEL:          0  ACCURACY: -nan
PSCL3 TIMELY PREFETCHES:          0 LATE PREFETCHES: 0 DROPPED PREFETCHES: 0
PSCL3 PREFETCHES SAME FILL-ORIGIN LEVEL: 0 DIFFERENT FILL-ORIGIN LEVEL: 0

PSCL2 TOTAL     ACCESS:      67205  HIT:      34846  MISS:      32359  HIT %:    51.8503  MISS %:    48.1497   MPKI: 0.161795
PSCL2 LOAD TRANSLATION ACCESS:      63232  HIT:      30873  MISS:      32359  HIT %:     48.825  MISS %:     51.175   MPKI: 0.161795
PSCL2 TRANSLATION FROM L1D PREFETCHER ACCESS:       3973  HIT:       3973  MISS:          0  HIT %:        100  MISS %:          0   MPKI: 0
PSCL2 PREFETCH  REQUESTED:          0  ISSUED:          0  USEFUL:          0  USELESS:          0
PSCL2 USEFUL LOAD PREFETCHES:          0 PREFETCH ISSUED TO LOWER LEVEL:          0  ACCURACY: -nan
PSCL2 TIMELY PREFETCHES:          0 LATE PREFETCHES: 0 DROPPED PREFETCHES: 0
PSCL2 PREFETCHES SAME FILL-ORIGIN LEVEL: 0 DIFFERENT FILL-ORIGIN LEVEL: 0

LLC TOTAL     ACCESS:    1522590  HIT:    1430245  MISS:      92345  HIT %:     93.935  MISS %:    6.06499   MPKI: 0.461725
LLC LOAD      ACCESS:    1028246  HIT:     992318  MISS:      35928  HIT %:    96.5059  MISS %:    3.49411   MPKI: 0.17964
LLC RFO       ACCESS:      77736  HIT:      70268  MISS:       7468  HIT %:    90.3931  MISS %:    9.60687   MPKI: 0.03734
LLC PREFETCH  ACCESS:     262174  HIT:     216203  MISS:      45971  HIT %:    82.4655  MISS %:    17.5345   MPKI: 0.229855
AGUS PREFETCH L1 MISS: 0
LLC WRITEBACK ACCESS:     108482  HIT:     108116  MISS:        366  HIT %:    99.6626  MISS %:   0.337383   MPKI: 0.00183
LLC LOAD TRANSLATION ACCESS:      45091  HIT:      42558  MISS:       2533  HIT %:    94.3825  MISS %:    5.61753   MPKI: 0.012665
LLC TRANSLATION FROM L1D PREFETCHER ACCESS:        861  HIT:        782  MISS:         79  HIT %:    90.8246  MISS %:    9.17538   MPKI: 0.000395
LLC PREFETCH  REQUESTED:          0  ISSUED:          0  USEFUL:        338  USELESS:      37871
LLC USEFUL LOAD PREFETCHES:        338 PREFETCH ISSUED TO LOWER LEVEL:      45971  ACCURACY: 0.735246
LLC TIMELY PREFETCHES:        338 LATE PREFETCHES: 0 DROPPED PREFETCHES: 0
LLC PREFETCHES SAME FILL-ORIGIN LEVEL: 0 DIFFERENT FILL-ORIGIN LEVEL: 0
LLC AVERAGE MISS LATENCY: 138.435 cycles
LLC RQ	ACCESS:    1151936	FORWARD:          0	MERGED:          0	TO_CACHE:    1151934
LLC WQ	ACCESS:     108482	FORWARD:          2	MERGED:          0	TO_CACHE:     108482
LLC PQ	ACCESS:     262174	FORWARD:          0	MERGED:          0	TO_CACHE:     262174

LLC Dense regions hint to LLC: 0

RAW hits: 1446150
Loads Generated: 47878029
Loads sent to L1D: 46431879
Stores Generated: 26793541
Stores sent to L1D: 26793542
Major fault: 0 Minor fault: 4418
Allocated PAGES: 4418
ucb ended
-----------------------------------------------------------------------------------------------------------------------------------------------------------------------------------------------------
Offsets elements: 69805 -7 1 -23992 23992 2 -3 -69801 69800 -23991 23993 -51250 51249 -51253 4 -19 51270 -23995 23994 3 -51269 51268 -51268 -2 -51264 -6 51271 -51276 51274 -51255 27260 23995 51267 -51249 -15 13 -14 -2200619168969 2200619168987 27256 -27257 -5 -2200619168984 2200619168988 -2200619252014 2200619252009 -11 51276 -1 23996 -51257 51258 -2200619169799 2200619169792 -2200619168947 2200619168949 -2200619169796 2200619197057 -27264 51254 -96415 10382129 -10285714 -51254 51256 -51258 2200619251998 11 51263 -51270 3491 -2200619148762 2200619148762 -267825 219206 72403 -23996 23997 -51265 3483 -2200619255638 2200619303419 2200619255638 -3481 -264337 219199 96407 -69804 -24 69827 -51275 51269 -69828 45829 -72379 96376 -47780 -131448 179227 -51273 45828 -155231 179225 45831 -2200619220387 162 2200619220224 -24003 -2200619196392 2200619196389 -276706 -2200618919662 2200619196371 24000 -26533 -2200619206966 2200619279323 24004 -24000 24001 -2200619220225 -24006 -45822 45823 -2200619196369 2200619220372 45824 -2200619196394 2200619196394 -2200619196390 2200618972612 -2200618973269 2200619171739 25312 -25312 -25311 25308 -25308 -2200619171059 -2200619196372 2200619220373 -49312 49311 -49313 -14620 39925 -45820 20517 -2200619254014 2200619233497 -20517 -49311 -69827 20515 -129282 154586 -25305 -25306 25306 -72353 47048 -47049 72355 -72354 47045 10346776 -2200629472974 2200619166123 -39925 -25304 -2200619171740 2200619171740 -178593 6 -25310 25310 -155227 105530 49698 23998 -72411 72411 5894 10348698 -10358658 10356736 -10352670 -2200619101357 2200619094587 -239024 239031 10 52582 -52591 -2200619144244 2200619220834 -76590 -72465892471 -2128153251156 2200619143628 10361354 -10348698 39931 10306845 2200619166130 -49697 49697 -47779 47779 -96414 48634 10333495 10285715 -10285716 -96376 -82846 179223 154594 -155225 179221 72361 -155223 155223 -3495 -267824 48625 47780 -2200619303418 106876 2200619148764 -267832 291614 69802 47782 -63934 16154 -2200619148684 2200618880850 245786 -655454 450670 274609 -274611 274612 -24001 69804 -63933 -5870 -245810 315612 -47778 -315608 10598450 -10598450 291605 -197570 132376 -226416 94042 10504414 1913 -10284757 -245815 315618 -315615 -2200618995055 2200619310670 -24004 24005 69803 -24002 -291615 94047 10506327 -10284758 -2200619220472 2200618904855 315619 -315614 2200619310669 -51271 27264 -245783 136661 109122 45822 -291600 315605 10282843 -2200629503697 2200629505724 -10308878 24006 -315619 10600490 -2200629505339 2200629505339 -2022 -10306851 -2200619166124 2200629475001 -10308876 10309712 -10309713 -197567 197567 -291617 10600374 -10348689 39930 -39932 2200619126198 2200629473275 -11565845 1218768 -2200629503894 2200619157118 -2200619126198 2200629472974 -10306844 10307147 -10347079 -2200619157218 100 614 2200629505302 -10308869 10308874 -2200629505302 5 -10308877 10308872 -10284867 -315618 10600482 -10308874 24010 -2200619220475 2200619220473 315620 315610 241 2200619196223 -291610 -2200619220232 2200619220233 -315605 315606 -96416 -10285713 69828 -26588 26588 -69803 10285717 -10355545 -96375 -82854 179229 -24015 -45814 45815 -155219 155216 24011 10382080 -10309736 -155215 155214 24012 -96407 96405 -22047 69826 47778 -315606 245778 -26550 22678 49686 -72393 72393 24015 -45813 -10359440 6770 -6768 14 -239040 239025 -2200619094588 2200619094589 52579 -52579 -2200619144239 -76594 -72465892467 72465892466 10361360 -2200629504982 2200619156284 39915 -49684 -105520 179219 -25296 -129908 626 -624 179217 25295 -72344 72345 -155202 155202 -2200619101472 2200619147283 -2200619196257 -82959 2200619303233 26589 10355540 69825 -69826 22046 -267826 -2200619150415 -2200619147291 3584452 2200615575462 -12621 12618 -58434 58441 11385 -315604 219260 96345 49313 -11393 -12626 24018 -24018 12621 10294240 -10294238 -12623 24019 -11379 11378 58432 17 -2200619208860 2200619208862 11376 -11394 23760 12642 11377 -167194 154567 -154568 153576 -39885 -26 15 -4 40886 -40886 -2200619155931 2200619155921 -2200619155934 2200629503697 -2766 -2200629500931 2200629504003 -1420 35 -10346670 10346685 -2200629502605 2448 2200619194364 10305790 -10305790 -2200619196809 2200619155925 10346673 -10346684 -2200619270314 2200619270328 -13 17049 10329630 -10346734 17102 -17102 -17101 40941 -40940 29 39690 -2200619193086 -446 2200629501935 -2200629501937 2200619194759 -40921 40921 -34309 -6578 17052 -10346679 17050 -17049 -17048 40888 -40891 17051 -17024 -30 10346649 37 -10329635 -2200619172985 2200619196826 10305568 -10329409 40890 -2200619194773 2200619170933 -17050 40891 -23841 -24023 10370670 34 -10370705 10370672 -10370668 -10370671 41072 -41072 41070 -41075 -1240151 11610823 -10370673 10370704 10370671 -10370670 64912 10305759 10370674 -10370674 10370669 -10305759 -64912 10370673 -14846857 4541066 -40896 10346684 -10346683 -2200619270313 2200619270261 10346735 -2200629500565 2200619153829 17101 -17093 52 -8 -52 -17104 10346734 -10305792 -40942 -2200619194774 2200619194776 -10346735 40948 -40894 2200629616999 -10305791 10305788 -35 -10346625 40873 -154567 154568 12639 -36388 82368 2200619209670 -2200619209473 2200629501191 -10291718 -12640 10304358 -10304358 12640 -12639 10291718 2506 -10306864 -2200619196833 2200619196832 10308857 -2200629505689 2200629504263 -3072 3072 -10294790 10294790 -2200629504460 2200629504460 10307430 -10307430 10307428 -10307428 12623 -72398 72400 10309729 -10309728 10308873 -2200619197044 2200619197047 10308869 10308752 -10308754 -39927 10348786 -10308857 10306847 2200619166127 -39929 39932 -39933 39934 23988 -51247 51247 -51241 -2200619169793 2200619169791 27266 -27283 -96410 -72465872697 72465945120 23989 -27266 12 -2200619168988 2200619168982 7 -18 -2200619169791 -27260 -2200619168989 2200619168981 8 -2200619169781 2200619169785 -12844225 12871500 -27284 -12660 12661 -2200619145226 2200619145231 27282 -27285 2200619166142 -39944 39945 -12871509 12898498 -26991 -39951 39958 -288223780701819721 -62 -1465993185997 1465993185999 -1465988287034 -5099095 17938 1465993368190 1465988287033 -1465993386163 1465993386164 2604008 -2604009 -1465993386162 4672115 -4672118 1465993386165 2604007 -2604008 -1465988334503 -5062212 5062213 -5051660 1465988714046 -1465993386165 20623 1465995969549 -2603904 -1465993386157 70426 -48956 -21470 29069 -7611 48971 -70540 1465993386166 2604006 -2604007 2604005 -2604005 -1465988287042 -5099130 21470 7405 286 8293 56661 50121 -1202 -143033 21450 1465993364605 -1465993243022 -143034 121563 -114158 8579 -106783 105580 -105580 50122 -105583 105582 -143032 143031 -121564 7407 8578 1465993348600 -1465993291939 1465993291938 -1465993243020 -105582 -226 227 1465993348602 -1465993386054 1465993364604 -1465993386166 1465993386167 -2604003 -1465988782861 -4603308 -70426 -21581 -1465993349670 1465995953676 -1465995968602 48970 4599658 -4670194 160034 -141595 -21926 163521 -160038 -3483 1465995993655 -1465995830132 920 -922 -170586 4682666 1465988714049 -1465988714049 -4512080 1465993226129 -1465993386167 160038 1465995830134 -1465995993654 1465993389649 -1465993386164 1465993386268 1465995990061 -1465995968607 4981123 -5035838 -15825 1465995990172 -1465995990169 1465988714047 -1465988334500 1465988334502 -1465995830134 4891625 -1465993386170 160960 1465995829212 -1465996000720 10548 1465993386170 2604002 -1465995990172 160961 1465993225205 -1465990938509 10549 -1465995989886 1465995931508 345 58033 -4961 -2599048 -379545 -1465988714047 379545 -4891622 985435 3906190 1465988334501 5051663 -3906249 1465994844758 -1465996000689 1155933 -1145416 -1465995971698 181683 -199875 1465995935524 -2549583 -78 288223780712126892 -10347051 -2200619273871 2200619273871 23 -144503 144503 -51310 -384024 646754 -26992 26991 -26994 -12871507 12871510 26989 -2200619306233 2200606407734 12844216 2200619145229 12660 -10306831 -2200619166143 2200619166144 -27288 -20 21 -9 27290 -39948 27271 -2200619196251 2200619168984 27269 -27271 -16 27283 -235509 235508 -12659 -2200619145229 39943 10306833 -10306832 -2200619166142 2200619138859 27287 -39945 26 10346750 -10346776 -2200619156921 2200629505689 -2200629505670 2200629505682 -10308841 10307403 -10307402 10308795 -10308795 10308830 -10348769 10348771 -2200629505675 2200619194395 -2200619194395 2200619194396 10308831 -10308831 2200619156913 10348757 -10348768 -2200619271312 2200619271304 -201568 201570 10348767 -10348766 -201571 201623 39880 -39931 -39912 39912 -48004 -2200619146339 2200619154858 10347076 -10548647 10550334 -10550337 -201572 201571 -201570 201572 -201573 -201569 201596 10348703 -10348732 30 -201599 241504 -2200619196857 2200629505466 -10348541 -241504 -211489 10560222 -10560222 31 -33 -10560220 -10560223 9920 -9920 9918 -9923 -970889 11531113 -10560226 10560256 251422 -251420 251421 10308800 10560226 10560221 -10308800 -251423 10560223 10560225 -10560224 10308799 -10308797 -39924 10348734 -2200629620034 2200629620035 -39937 10348735 10560224 -10308801 -10308830 10308797 251423 -251422 -39880 39882 -39883 -39881 -201622 201622 -201620 -10348715 201626 -201624 -201621 201620 10308834 -10308833 2200629505670 10348769 -10348706 10348705 10348756 -10348756 65 10346969 -10346982 39886 -39850 9 39892 -2200619154055 2200619114184 36 39594 -39631 10348716 -10309051 10309088 -10309086 39633 -39636 12638 26998 -26998 -12638 39636 10307088 2200619165886 -26999 -208252 235250 -235250 235248 -26983 -45170 -72465872708 72465917898 -37903 37893 -37894 37892 -37893 37902 3453 7263 37894 20 -188681 188681 -37911 37911 -188680 188685 -188685 26979 -26975 -37910 37910 -37917 37915 51285 -2200619218450 2200619194140 -2200619194141 2200619167163 -2200619169823 2200619169835 -12 -2200619169811 2200619221110 -2200619221110 2200619169821 26978 -26972 26974 -37916 -2200619136147 2200619163120 -64887 -150772 188686 26977 -64889 37906 -188678 -2200618980299 -845 2200619169829 51299 -51284 51284 -51299 -24307 24307 51277 -51281 51279 -51282 51282 -24306 24306 -24309 -26974 26976 -51303 51307 -2200619196562 2200619145258 51302 -24312 24313 -70184 70185 -3744343977 3739760287 14868639 -10309263 24312 -2200619220543 2200614636860 -3739760230 3754628856 -14868626 14868626 -10309260 -26969 -21 -2200619169828 2200619169828 26972 -2200619195995 -810 26971 -26971 3445 2200619279169 -26968 26973 -26970 -10 -2200619168976 2200619195957 -26980 -2200619168977 2200619168983 -2200619195954 2200619195953 26982 26970 -26978 2200619168977 26980 -26997 -45183 -2200619123801 2200619168985 -2200619196800 2200619169830 -2200619169019 2200619169003 26987 -37909 -150770 -64891 37917 -17 -37914 37912 64898 -215668 215668 -26976 37919 -2200619169834 2200619196803 -26995 -37890 -2200619107365 26994 -64890 37908 -37907 -150748 150747 2200619169823 64889 37918 -23 208249 26996 -26993 -12844245 12871235 -26982 3460 -2200619255637 2200619252190 2200619195959 -26981 -2200619169625 -10331566 10304587 10331566 -10307093 -2200619196604 2200619196605 10309085 10334638 -10334638 10307658 10307659 -10307657 -72465872707 72465944881 -26984 16 37909 26983 -39638 -2200619145259 2200619145261 39637 10307087 2200619165887 -12871243 12871241 27251 -27250 -39643 38 10346679 -10307079 -39646 39646 39651 -288223780701786697 -79 -1465993218730 1465993218730 -1465992273447 -945289 -200184 111 -2571136 -1465993397471 48936 -54681 4587474 -4603299 1465993418914 2571258 -2571259 -1126999 181704 -199896 -2516815 288223780712094124 -10346999 -2200619273923 2200619273923 -144555 646759 -27254 27253 -27252 27254 -27251 -12871244 12844239 54254 -54257 -2200619251980 2200619251982 -2200619132620 2200619165888 -27002 22 37914 26981 -64894 64899 215667 -26985 -2200619196808 2200619196810 -37915 -37896 25256 -25254 37896 -2200619145255 26997 64892 -150747 215638 -64892 64890 -27001 2200619172257 -26996 -12641 10334086 12871243 -39642 66892 -27242 -288223780701786776 79 -1465993218731 1465993218754 -1465993418937 1465993418930 2571242 -2571257 -1465988412542 1465988412564 -1465988815638 -4603264 4988400 17939 -17974 1465993418932 2571240 -2571241 -1465988746816 -4672114 1465993418929 -1465993418932 1465993418933 -2571238 -1465988412562 -5016921 5016922 -5006369 -4672117 -1465995969549 1465993398413 -1465993418925 70392 -70392 -1465993389841 1465995961081 -1465993397365 48937 1465993348427 -1465993418933 1465993418934 2571237 -2571234 -1465993418934 -1465993400494 140330 1465993260164 -1465993418938 1465993419015 2571157 -1465995834955 -155217 1465993418935 -2571237 1701582 1465994288590 156888 1465995833284 -1465995833281 -167785 10894 -1465993419015 1465993418931 2571241 -2571240 -1465993263715 1465995834955 1465993419036 -1465995919669 -48938 -21565 15825 54683 1465993348424 -1465993397362 1465995919665 -1465994759704 1465992188463 -1465995989929 1465995978542 -1465995962523 1465995962523 11387 -2571243 -1465993402667 138862 -155124 2571136 -1465995990061 -48937 -21566 1465993403104 -1465993348417 -48941 1465995968601 -83898 -991446 -1465995833863 1465993262620 -1465993263805 1186 1074158 -1074158 1465993262619 -1465993418929 -1465994843597 1465992272352 -1465993418927 -2571246 -1465993418926 21454 48938 1465993348418 -1465993348423 -70503 1465993418927 -1465993403102 127562 1465995792102 -1465994843594 -1146324 -182419 1465993601092 2512877 -1465996113968 1328735 1465992272358 -1465992272358 1465992272357 -1465993263803 1075344 -1074157 -156311 -2571244 -1465993418928 1465993418928 2571244 -1465993263804 -1074156 -1188 -1074155 -1189 -1074154 -1190 -1074153 1465993262614 -1465992188460 -1230231 1230231 1465992188460 -1465992188459 -1465991717348 -1544692 -1694 -165682 11204 1229753 -2932032615573 2932031540298 -718 58386 -58033 53072 -2566282 -1684374 1213739 1465992187985 -1465992188463 -1465992188464 471114 -1544694 -167782 167785 4109 -171839 171839 19938 -191675 191675 -180938 48941 -48936 1465993397360 -1465993348424 -70506 -1465993403106 1465995974347 -1465995787560 -184457 -17912 -1465995958714 1465993398857 -1465993398859 1465993398859 -1465993263736 -2932031540296 2932031385820 -1465995942280 1465995995696 4961 -58386 -2513209 -1465992188462 1465992188462 -1465993418931 -1465993262044 1465993262045 -1465993263738 -166549 168242 1544694 1465991717351 -1465991717351 1465991717350 2571238 -2571239 -1465988748741 -4510155 -163525 1465993422420 -1465991386873 1465988815638 -55 -1465993418882 4603299 1465991386873 -2571300 55 -4603050 4603050 1465988815573 -1465992188405 471115 -1701552 17035 1213882 470635 -1685415 1214779 470702 2970463 -4677378 5267 4672111 1465991318061 -1465995792210 -197962 1465993418872 2571300 -2571303 -1465993418873 1701648 1465994288524 -1465991318061 -2970463 -1701648 -1465994288524 1465991717213 -1465993418861 -2571312 -2571309 -1465992188393 3447925 -4689678 4689678 -4661686 -27993 4689679 1465988740457 56 1465988815582 1465988815574 -1465993418643 4603061 1465993418915 2571257 -1465995989934 1465988815616 -42 -2571299 -1465993418633 1465993418676 19 -1465993418673 1465993418654 2560005 -2560006 -22 -1465993418637 -181684 1465993600319 -1465993418638 1465993418656 -1465993600342 -1465993401813 1213408 -1213592 1213592 -555013 -1146570 17961 246 1465993400666 -1465993401817 180889 1465993220927 -1465993418865 17941 1465993400900 64 1465993418882 2571290 -1465993418688 -2571290 1465988815584 -1465988815583 -2571301 -1465993418871 -2571289 -1465993418883 -17965 1465993403038 -1465993348356 1465995968602 -1465995787572 1465993216267 -1465993589437 1465993589436 -1465988815569 1465988815568 1465988815566 -4773870 1465993589435 -1465988815566 -4603059 -183092 4786151 -4786151 1465993601717 -1465993589435 1465993589437 1465988815569 -1465988815568 373170 1465993216268 -1465993418866 1465993418863 -1465993382769 1465995954079 -2571305 -1465993348359 -70507 21570 1465995919666 -2571308 -1465993418863 1465993418869 2571303 -1465988815584 1465988815583 1465993418871 2571301 -2571302 2571299 -1465992188404 1129694 83898 1465992187950 -1465993418896 1465993418895 2571277 -1465995990158 16144 1465993402738 -1465993418895 27 -1465993418658 1465993418631 -1465993418867 1465993418867 2571305 -2571306 -27 -1465993418869 -1465993418631 1465993418632 1465993418866 2571306 -2571307 -1465993418857 1465993418856 -1465993402715 1465993402715 -1465991717219 1465993418865 2571307 -1465993263649 -1465994288589 1465991717283 -1465988746756 -4474149 1465993220905 1465993418870 2571302 -1465993418868 1465993418873 -1465993418884 -1465993418872 1230468 1465994759704 -1465995973296 1465993402019 -1465992272326 1465992272326 -1465992188415 555013 1465991717300 -1465992272312 1465992272325 1465993418843 2571329 -2571276 1465993418605 -1465993418842 1465993418841 2571331 -1465995989933 1146332 1465992272272 -1465993418843 -2571330 -1465993418844 1465993418883 2571289 -4603061 -238 -1465993418604 1465988815543 -1465993418840 1465993418840 2571332 -2571333 -1465993418600 1465993418603 -1465993418599 1465995978659 -2560060 -1465993418841 1465993403014 -1465993348331 -1465994630876 1465992059546 42 -2571288 -4398024803946 2932031385062 54678 1465993397269 2571338 -2571337 -48935 4397504 1465988999811 2932031385300 -2932031385300 4398024803898 -1465993418836 1465993418837 2571335 -2571335 -1465992059541 1465992059543 -1465992059543 1465992059584 1465988815538 -1465993418837 -1465988815538 1465988815534 1465993418835 2571337 -2571338 -2571336 -1465993589405 170808 -182611 1465993601210 46 4603062 1465988815533 -1465988815534 1465988815535 -1465993418833 -1465993418835 -1465996160742 1465993589453 -202 -1465993418834 -1465993418724 15714 1465993348332 -1465993397318 -21327 -4532794 4581731 471237 -471237 1465988815537 -2571332 -1465992059544 44 -4603300 1529870 -1359300 1359296 -2932032744358 4398027375234 -1465991571099 -3059776 -1359297 -4398027375234 81 2932031384981 1465993418833 2571339 -2571340 -1465992059534 -2932032744359 2932032744362 1465992059535 -2571339 1465993418842 2571330 -2571331 -1465994630872 -4419073 -2932031384981 2932032744278 1465994630875 -2932031385062 4398024803896 -1465992059537 1465994630874 -2932032744361 1465992059538 -1465992059547 2932031385107 -45 -1465996160127 169955 54680 1465995968603 -1465990915634 1465988344297 -1465993418793 1359255 3715241 -3715241 1465992059542 -1465993418794 5074493 1465988344302 -1465993418839 1465993418839 2571333 -1465988344302 -5074299 5074300 1465988344296 -1465988344295 -1465988344301 5074537 1465990915635 -5074537 1465993403010 -1465993348326 -1465994759648 -1230487 1465993418798 -5074300 5074299 1465988344298 -1465990915635 -3844013 -1230525 -1465994759647 -1465993418831 1465993418831 2571341 -2571342 -1465993418592 1230287 1465992188307 -1465992188307 1465993418834 -1465992188315 -1235205 1465993423513 -1465988344296 -5074539 48934 -1465993348328 -54679 -1465995834952 4919319 -1465988344300 -5079145 5079144 1465988344299 -1465993423443 159826 4919318 -5074497 -4647 -1465993382833 1465995954172 -5074501 21532 48935 1465993348330 -1465993389610 1465995960948 -1465995968603 1465993348335 1465993403015 -1465993348334 1465988344306 5074538 1465990915634 -1465988344304 1465988344311 -1465988344311 -5085683 11145 1465994630876 1465988344301 -1465993418838 1465993418838 2571334 -2571334 -1465988344297 -5074298 5074298 -5253519 5253519 -5253518 179220 -239 1230524 1465994759648 -1465992188312 1235205 1465993423518 -5074538 1465993423517 1363978 -1465994630875 170570 -3715242 3059777 1465988999767 1465993418844 2571328 -2571329 -1465993400644 -725 180466 -179741 -197948 1465995958714 -1465995970101 135123 -11204 10486 53424 -2513299 -1465992188426 -1230469 1465995990166 -1465996058155 1465993486879 -59 -1465993418802 16673 1465993402164 -1465988740478 1465988740478 -4689680 4689680 125 -125 4661713 -4678395 -1465991311777 4661686 -4689681 4689681 -4678147 159348 1465993259237 158 -1465993259395 1465993259239 -1465993259239 4516416 -3909 1465988746732 -1465988746722 1465988746730 -1465988746720 6283 -259220 -4418927 159347 -159594 4689726 -4661569 -16591 1465993418712 -1465993400847 1465993400691 -1465993402128 -4678397 4678396 -4661688 1465995973464 -1465991311778 -11534 170881 1465993259395 -3899 -4512508 4512509 1465988746729 -1465988746730 6292 -6293 -4671856 -1465991448119 1465991448121 -1465993418589 1465993418647 -25 -1465988740477 1465993430157 4678359 -4661523 -28157 130 -130 4661718 -4678426 4678398 -4661689 4518802 -2386 1465988746731 -1465988740437 -2707692 -1970706 1465993418836 -1465993259242 -159346 1465993259242 -1465995989923 -1465992188366 -4689679 11285 -1465988740502 1465988740440 -1465988740438 1465988740439 -1465988740442 1465988740438 -1465993418830 2571336 -1465988740441 1465988740443 -1465993430122 1465988740437 -1465993588986 170150 -1465993402576 -16013 16013 1465993402730 -1465993402730 1465993402636 -1465993402636 1099621 -1115641 -57 -1465992302957 -1099622 -16012 16011 -16259 57 -1230463 -1465993400929 1465993400872 33 -1465988740446 18 132 -132 4661720 -4678428 4678399 -4661690 1465993259241 -1465988742825 2388 -4518804 4512507 -832224 -3839630 32 24 161276 1465995828896 -1465993257620 -161036 161036 1465993257620 -1465993257618 1465993257618 -56 -1465993257562 37471 -198509 -1465993220146 1465993220146 -198750 -1465992188403 1465993401995 -1465992272301 -2566370 54 1465993418604 -1465993418601 1465995989933 -1465992272271 1465992272271 -1465993257594 1465993257617 -1465992272325 1146333 -1146332 1465994832215 -2559890 -1465992272269 1465992272269 -1465995832167 -158005 -1465992188372 -1212537 1683651 1465991717260 -1465993261954 -156888 1465995990169 -1465995989925 155836 1465993262907 -94 -1465993418649 1465993418650 -1465993262810 59307 -59307 59298 1465993203512 -1465993203512 1465993203511 -1465993418655 1465993203455 -1465993262752 -156083 215381 -59301 -155835 155835 -471115 -1212794 1683908 985890 -986711 5425 -172457 172474 1465993257318 -1465992188360 -1212547 1128658 555003 -1683653 -17929 1230948 1465994759224 1465993418828 2571344 -2571347 -1465993418824 -2571343 -1465993418847 -2571323 -3715238 -128832 -805 1465993262766 -1465993418849 -1465993397274 -5740 1465993403013 -1465995919666 181030 1465993216239 -1465995990133 653 -692 -1465995832172 -158000 1465993418805 2571367 -2799 1465993263604 -1465993258799 -160004 1465993418801 2571371 -2571371 -1465993418806 1465993418800 -1465993260800 1465993260801 -2571370 -1465993258797 1465993258802 -1465993258802 43249 1465993215547 1465993258799 -1465993418801 -1465995830167 -159758 159758 1465993258795 190 -1465993258984 -160006 1465993402975 -1465993348294 -1465990915639 -4914527 881807 -1041810 160002 -159757 -248 1465993418802 2571370 -1465993215546 -43251 43250 -4398 1465993219949 -1465993418805 1465993402976 -1465993348296 -1465990904682 1465988333315 -1465988344272 1465988344271 -1465993215550 -203254 -2571365 -1465993215553 -203016 203016 1465993215553 -1465993215551 835561 1465992379990 
Potential of Offsets elements: 28.271 661.271 993.271 28.271 28.271 735.271 932.271 28.271 28.271 28.271 28.271 28.271 28.271 28.271 778.271 544.271 28.271 28.271 28.271 1517.11 28.271 28.271 28.271 956.271 28.271 626.271 28.271 28.271 28.271 28.271 28.271 642.271 28.271 35.271 70.271 142.271 619.271 28.271 28.271 28.271 28.271 595.271 28.271 28.271 28.271 28.271 378.271 28.271 1330.27 28.271 28.271 28.271 28.271 28.271 28.271 28.271 28.271 259.271 126.271 28.271 28.271 28.271 28.271 28.271 28.271 28.271 28.271 393.271 28.271 28.271 28.271 28.271 31.271 32.271 42.271 32.271 28.271 28.271 28.271 28.271 28.271 28.271 28.271 28.271 28.271 28.271 28.271 28.271 41.271 28.271 28.271 28.271 28.271 28.271 28.271 28.271 28.271 28.271 28.271 58.271 28.271 28.271 28.271 28.271 28.271 28.271 28.271 28.271 28.271 28.271 28.271 28.271 28.271 28.271 28.271 31.271 28.271 34.271 28.271 28.271 28.271 28.271 28.271 28.271 28.271 28.271 28.271 28.271 28.271 28.271 28.271 28.271 28.271 28.271 28.271 28.271 28.271 28.271 28.271 28.271 28.271 28.271 28.271 28.271 28.271 28.271 28.271 28.271 28.271 28.271 28.271 28.271 28.271 28.271 28.271 28.271 28.271 415.271 50.271 28.271 28.271 28.271 28.271 28.271 28.271 28.271 28.271 28.271 28.271 28.271 28.271 28.271 28.271 490.271 28.271 28.271 28.271 28.271 28.271 28.271 28.271 28.271 28.271 28.271 28.271 28.271 28.271 28.271 28.271 28.271 28.271 342.271 28.271 28.271 28.271 28.271 28.271 28.271 28.271 29.271 28.271 28.271 86.271 28.271 28.271 28.271 28.271 28.271 28.271 28.271 28.271 28.271 28.271 28.271 28.271 28.271 28.271 28.271 28.271 28.271 28.271 28.271 28.271 28.271 28.271 29.271 28.271 28.271 28.271 28.271 28.271 28.271 28.271 28.271 28.271 28.271 28.271 28.271 28.271 28.271 28.271 28.271 176.271 28.271 28.271 28.271 28.271 28.271 28.271 28.271 28.271 28.271 28.271 28.271 28.271 28.271 28.271 28.271 28.271 28.271 28.271 28.271 28.271 28.271 28.271 28.271 28.271 28.271 28.271 28.271 28.271 28.271 28.271 28.271 28.271 28.271 28.271 28.271 28.271 28.271 28.271 28.271 28.271 28.271 53.271 34.271 28.271 28.271 28.271 28.271 28.271 28.271 28.271 28.271 28.271 28.271 28.271 28.271 28.271 28.271 28.271 28.271 28.271 28.271 28.271 28.271 28.271 28.271 28.271 116.271 34.271 28.271 28.271 28.271 28.271 28.271 28.271 28.271 28.271 28.271 28.271 28.271 28.271 93.271 28.271 28.271 231.271 31.271 28.271 446.271 28.271 28.271 28.271 28.271 28.271 28.271 28.271 28.271 28.271 28.271 28.271 28.271 28.271 28.271 28.271 28.271 28.271 28.271 28.271 28.271 28.271 28.271 28.271 28.271 28.271 28.271 28.271 28.271 28.271 28.271 28.271 28.271 28.271 28.271 28.271 28.271 28.271 28.271 28.271 28.271 114.271 54.271 28.271 28.271 28.271 28.271 28.271 28.271 28.271 28.271 28.271 28.271 28.271 28.271 28.271 28.271 28.271 44.271 28.271 28.271 28.271 28.271 28.271 28.271 28.271 28.271 28.271 28.271 28.271 28.271 28.271 28.271 28.271 28.271 28.271 28.271 28.271 28.271 28.271 28.271 28.271 28.271 28.271 58.271 28.271 28.271 28.271 28.271 28.271 28.271 28.271 28.271 28.271 28.271 28.271 28.271 28.271 28.271 28.271 28.271 28.271 28.271 28.271 28.271 45.271 28.271 28.271 28.271 28.271 28.271 28.271 28.271 28.271 28.271 28.271 28.271 28.271 28.271 28.271 28.271 28.271 405.271 28.271 28.271 28.271 200.271 35.271 29.271 28.271 28.271 28.271 28.271 28.271 28.271 28.271 184.271 456.271 28.271 28.271 28.271 28.271 28.271 28.271 28.271 28.271 28.271 36.271 96.271 28.271 28.271 28.271 28.271 28.271 28.271 28.271 28.271 28.271 28.271 28.271 28.271 28.271 309.271 28.271 28.271 28.271 28.271 28.271 28.271 134.271 28.271 28.271 28.271 28.271 28.271 28.271 28.271 28.271 28.271 28.271 28.271 28.271 28.271 28.271 28.271 28.271 28.271 28.271 28.271 28.271 32.271 54.271 28.271 37.271 28.271 28.271 28.271 28.271 28.271 28.271 28.271 28.271 28.271 28.271 28.271 28.271 28.271 89.271 28.271 28.271 28.271 156.271 28.271 28.271 28.271 28.271 28.271 28.271 28.271 28.271 28.271 28.271 28.271 28.271 28.271 28.271 28.271 28.271 28.271 28.271 28.271 28.271 28.271 28.271 28.271 28.271 28.271 28.271 28.271 28.271 28.271 28.271 30.271 595.271 28.271 28.271 28.271 28.271 28.271 28.271 28.271 28.271 28.271 28.271 34.271 28.271 28.271 38.271 28.271 28.271 28.271 28.271 28.271 28.271 28.271 28.271 28.271 28.271 28.271 28.271 28.271 28.271 60.271 28.271 94.271 28.271 28.271 28.271 28.271 28.271 28.271 28.271 28.271 28.271 28.271 28.271 28.271 28.271 28.271 28.271 28.271 28.271 28.271 28.271 28.271 28.271 28.271 28.271 28.271 28.271 28.271 28.271 28.271 28.271 28.271 28.271 28.271 28.271 28.271 28.271 28.271 28.271 28.271 28.271 362.271 28.271 28.271 37.271 28.271 28.271 28.271 28.271 28.271 28.271 28.271 292.271 28.271 28.271 464.271 181.271 28.271 28.271 28.271 28.271 279.271 28.271 28.271 28.271 28.271 28.271 92.271 147.271 28.271 28.271 28.271 28.271 28.271 28.271 28.271 28.271 28.271 28.271 28.271 28.271 28.271 36.271 28.271 28.271 28.271 31.271 28.271 28.271 28.271 28.271 28.271 28.271 28.271 28.271 28.271 28.271 28.271 28.271 28.271 28.271 28.271 28.271 28.271 28.271 28.271 40.271 47.271 28.271 29.271 58.271 32.271 46.271 28.271 28.271 76.271 28.271 28.271 28.271 28.271 28.271 28.271 28.271 69.271 64.271 28.271 28.271 32.271 28.271 28.271 28.271 28.271 28.271 28.271 28.271 28.271 28.271 36.271 28.271 28.271 28.271 28.271 28.271 28.271 28.271 28.271 28.271 28.271 31.271 28.271 28.271 28.271 28.271 28.271 28.271 28.271 28.271 28.271 93.271 28.271 28.271 28.271 28.271 28.271 28.271 204.271 97.271 28.271 28.271 47.271 28.271 28.271 28.271 28.271 28.271 28.271 28.271 28.271 28.271 28.271 28.271 28.271 28.271 28.271 28.271 28.271 28.271 28.271 28.271 28.271 32.271 28.271 28.271 28.271 389.271 318.271 469.271 28.271 28.271 28.271 160.271 1120 28.271 28.271 28.271 28.271 28.271 28.271 84.271 28.271 28.271 28.271 60.271 28.271 28.271 1517.08 28.271 28.271 28.271 28.271 28.271 28.271 29.271 28.271 28.271 28.271 28.271 28.271 28.271 28.271 28.271 28.271 28.271 28.271 28.271 28.271 28.271 28.271 28.271 28.271 34.271 28.271 28.271 28.271 28.271 28.271 28.271 28.271 28.271 90.271 28.271 30.271 28.271 28.271 31.271 28.271 373.271 297.271 28.271 28.271 28.271 28.271 28.271 28.271 28.271 28.271 28.271 28.271 28.271 28.271 121.271 33.271 465.271 50.271 28.271 41.271 28.271 30.271 528.271 28.271 210.271 28.271 28.271 28.271 28.271 28.271 28.271 28.271 28.271 28.271 28.271 28.271 28.271 32.271 28.271 36.271 50.271 58.271 43.271 28.271 28.271 28.271 28.271 28.271 28.271 28.271 28.271 28.271 28.271 28.271 28.271 28.271 28.271 28.271 28.271 28.271 28.271 28.271 28.271 48.271 28.271 28.271 28.271 28.271 28.271 28.271 28.271 28.271 28.271 28.271 28.271 28.271 28.271 28.271 28.271 28.271 28.271 28.271 28.271 94.271 28.271 28.271 28.271 28.271 28.271 192.271 28.271 28.271 28.271 28.271 28.271 28.271 28.271 28.271 28.271 28.271 28.271 28.271 28.271 28.271 138.271 34.271 28.271 28.271 28.271 28.271 28.271 28.271 28.271 28.271 28.271 28.271 28.271 28.271 28.271 28.271 28.271 28.271 28.271 28.271 56.271 212.271 31.271 28.271 28.271 28.271 28.271 28.271 28.271 28.271 28.271 28.271 28.271 28.271 28.271 28.271 28.271 28.271 28.271 28.271 28.271 28.271 161.271 28.271 28.271 28.271 28.271 28.271 28.271 28.271 28.271 28.271 28.271 28.271 28.271 28.271 28.271 413.271 28.271 28.271 28.271 122.271 28.271 28.271 50.271 28.271 28.271 28.271 28.271 28.271 28.271 28.271 28.271 28.271 28.271 28.271 28.271 28.271 28.271 28.271 28.271 28.271 40.271 28.271 28.271 28.271 28.271 28.271 28.271 28.271 28.271 28.271 28.271 28.271 28.271 55.271 28.271 28.271 28.271 28.271 28.271 28.271 28.271 28.271 28.271 28.271 59.271 43.271 28.271 28.271 28.271 28.271 28.271 28.271 28.271 28.271 259.271 28.271 28.271 28.271 28.271 28.271 332.271 45.271 28.271 28.271 28.271 28.271 28.271 28.271 28.271 28.271 28.271 28.271 28.271 28.271 28.271 28.271 28.271 28.271 28.271 28.271 28.271 41.271 28.271 28.271 28.271 28.271 440.271 28.271 28.271 28.271 28.271 28.271 28.271 28.271 28.271 28.271 30.271 28.271 28.271 28.271 28.271 28.271 36.271 28.271 59.271 28.271 28.271 31.271 28.271 28.271 28.271 28.271 28.271 199.271 28.271 28.271 28.271 28.271 28.271 28.271 28.271 28.271 28.271 28.271 28.271 28.271 185.271 28.271 117.271 54.271 28.271 28.271 28.271 28.271 28.271 28.271 28.271 28.271 28.271 28.271 28.271 28.271 28.271 28.271 58.271 28.271 28.271 69.271 28.271 28.271 28.271 36.271 31.271 28.271 28.271 28.271 28.271 28.271 28.271 28.271 28.271 28.271 28.271 28.271 28.271 28.271 28.271 28.271 28.271 28.271 28.271 30.271 28.271 28.271 72.271 28.271 28.271 28.271 28.271 28.271 28.271 28.271 28.271 28.271 28.271 185.271 28.271 28.271 52.271 28.271 79.271 28.271 28.271 28.271 28.271 28.271 28.271 28.271 28.271 28.271 28.271 28.271 178.271 28.271 28.271 28.271 28.271 28.271 28.271 28.271 28.271 28.271 28.271 28.271 28.271 28.271 118.271 28.271 28.271 28.271 28.271 28.271 28.271 28.271 28.271 28.271 28.271 28.271 28.271 28.271 28.271 28.271 28.271 28.271 40.271 1135.27 28.271 28.271 28.271 28.271 28.271 28.271 28.271 28.271 28.271 28.271 28.271 28.271 30.271 28.271 28.271 28.271 34.271 28.271 28.271 37.271 28.271 28.271 28.271 28.271 28.271 28.271 28.271 64.271 28.271 28.271 28.271 28.271 28.271 28.271 28.271 28.271 28.271 28.271 28.271 28.271 28.271 28.271 28.271 28.271 28.271 28.271 28.271 28.271 28.271 28.271 28.271 28.271 28.271 28.271 33.271 28.271 28.271 28.271 28.271 28.271 28.271 28.271 28.271 28.271 28.271 28.271 28.271 28.271 28.271 28.271 28.271 28.271 28.271 28.271 28.271 28.271 28.271 28.271 28.271 28.271 28.271 28.271 30.271 28.271 28.271 28.271 85.271 84.271 68.271 43.271 58.271 28.271 28.271 28.271 28.271 298.271 219.271 28.271 28.271 132.271 28.271 28.271 28.271 28.271 28.271 28.271 28.271 28.271 28.271 28.271 28.271 28.271 28.271 112.271 68.271 59.271 28.271 28.271 28.271 28.271 28.271 28.271 28.271 80.271 154.271 476.271 30.271 208.271 484.271 28.271 28.271 28.271 28.271 28.271 28.271 28.271 28.271 28.271 28.271 28.271 28.271 28.271 28.271 28.271 28.271 28.271 28.271 28.271 28.271 28.271 28.271 28.271 28.271 28.271 28.271 28.271 28.271 28.271 28.271 28.271 28.271 28.271 28.271 28.271 28.271 28.271 28.271 46.271 28.271 28.271 28.271 29.271 28.271 28.271 28.271 28.271 28.271 28.271 28.271 28.271 28.271 28.271 28.271 28.271 28.271 28.271 28.271 109.271 28.271 28.271 28.271 28.271 28.271 28.271 28.271 28.271 28.271 28.271 28.271 30.271 28.271 48.271 28.271 28.271 28.271 28.271 28.271 28.271 28.271 28.271 28.271 28.271 28.271 28.271 28.271 28.271 80.271 28.271 28.271 28.271 28.271 28.271 28.271 28.271 28.271 28.271 28.271 28.271 32.271 28.271 28.271 29.271 28.271 28.271 28.271 28.271 28.271 28.271 28.271 28.271 28.271 28.271 28.271 218.271 28.271 28.271 28.271 28.271 28.271 28.271 28.271 53.271 28.271 29.271 28.271 28.271 28.271 82.271 28.271 28.271 28.271 28.271 28.271 30.271 28.271 28.271 28.271 28.271 28.271 28.271 28.271 28.271 28.271 28.271 28.271 28.271 28.271 28.271 28.271 30.271 28.271 28.271 28.271 28.271 78.271 28.271 28.271 28.271 28.271 28.271 28.271 28.271 28.271 40.271 29.271 28.271 28.271 28.271 28.271 28.271 28.271 28.271 28.271 28.271 70.271 244.271 28.271 28.271 28.271 28.271 28.271 28.271 28.271 28.271 28.271 28.271 28.271 28.271 28.271 28.271 28.271 28.271 28.271 28.271 28.271 28.271 133.271 28.271 28.271 28.271 28.271 28.271 28.271 28.271 34.271 246.271 28.271 38.271 28.271 86.271 28.271 28.271 28.271 28.271 224.271 28.271 28.271 28.271 30.271 28.271 28.271 28.271 28.271 28.271 28.271 28.271 28.271 28.271 28.271 28.271 28.271 28.271 28.271 28.271 28.271 28.271 31.271 28.271 28.271 28.271 28.271 28.271 28.271 28.271 28.271 28.271 28.271 117.271 28.271 28.271 126.271 28.271 28.271 28.271 28.271 28.271 28.271 28.271 28.271 28.271 28.271 28.271 28.271 28.271 28.271 28.271 28.271 28.271 28.271 28.271 28.271 28.271 28.271 28.271 28.271 28.271 28.271 28.271 28.271 350.271 28.271 28.271 28.271 28.271 28.271 28.271 28.271 28.271 28.271 77.271 223.271 28.271 31.271 28.271 28.271 28.271 28.271 28.271 28.271 28.271 28.271 48.271 28.271 30.271 28.271 28.271 28.271 28.271 28.271 40.271 28.271 28.271 28.271 28.271 28.271 28.271 28.271 28.271 28.271 28.271 28.271 28.271 28.271 28.271 28.271 28.271 28.271 28.271 28.271 28.271 28.271 343.271 226.271 28.271 243.271 28.271 154.271 28.271 28.271 28.271 28.271 31.271 30.271 30.271 28.271 28.271 28.271 28.271 28.271 28.271 28.271 28.271 28.271 160.271 28.271 28.271 28.271 28.271 28.271 28.271 28.271 28.271 110.271 28.271 28.271 28.271 28.271 28.271 28.271 28.271 28.271 28.271 28.271 28.271 732.271 36.271 52.271 196.271 28.271 38.271 28.271 28.271 28.271 48.271 106.271 60.271 28.271 28.271 28.271 28.271 28.271 28.271 28.271 28.271 28.271 28.271 28.271 28.271 28.271 28.271 28.271 28.271 28.271 28.271 28.271 28.271 28.271 28.271 28.271 28.271 28.271 28.271 28.271 42.271 28.271 28.271 280.271 28.271 94.271 31.271 28.271 28.271 28.271 236.271 28.271 44.271 193.271 28.271 28.271 28.271 28.271 28.271 28.271 28.271 28.271 28.271 87.271 28.271 28.271 28.271 28.271 28.271 28.271 28.271 28.271 28.271 28.271 28.271 28.271 28.271 28.271 28.271 28.271 28.271 28.271 28.271 28.271 44.271 912.271 253.271 78.271 28.271 28.271 28.271 28.271 28.271 28.271 71.271 71.271 28.271 28.271 28.271 28.271 32.271 28.271 28.271 28.271 28.271 28.271 28.271 28.271 28.271 28.271 28.271 28.271 28.271 28.271 28.271 28.271 28.271 28.271 28.271 35.271 34.271 28.271 28.271 28.271 28.271 28.271 28.271 28.271 28.271 28.271 28.271 28.271 28.271 28.271 28.271 28.271 28.271 28.271 28.271 28.271 28.271 28.271 28.271 28.271 28.271 28.271 28.271 28.271 28.271 28.271 28.271 28.271 28.271 28.271 28.271 28.271 28.271 28.271 28.271 28.271 28.271 28.271 28.271 28.271 28.271 28.271 39.271 28.271 28.271 28.271 28.271 28.271 28.271 28.271 89.271 73.271 121.271 36.271 128.271 73.271 28.271 166.271 28.271 32.271 28.271 28.271 28.271 28.271 28.271 28.271 28.271 28.271 28.271 28.271 28.271 58.271 28.271 28.271 28.271 28.271 28.271 28.271 28.271 28.271 28.271 28.271 28.271 28.271 28.271 28.271 28.271 28.271 28.271 28.271 28.271 80.271 28.271 30.271 28.271 28.271 28.271 28.271 28.271 28.271 28.271 28.271 61.271 28.271 28.271 28.271 28.271 28.271 28.271 28.271 28.271 28.271 28.271 28.271 28.271 28.271 28.271 28.271 29.271 28.271 28.271 28.271 28.271 28.271 28.271 28.271 28.271 28.271 28.271 28.271 28.271 28.271 28.271 28.271 28.271 186.271 30.271 28.271 28.271 28.271 28.271 28.271 28.271 28.271 28.271 29.271 31.271 28.271 28.271 28.271 28.271 28.271 28.271 28.271 80.271 28.271 36.271 28.271 28.271 28.271 28.271 28.271 28.271 28.271 28.271 28.271 28.271 28.271 28.271 28.271 28.271 145.271 28.271 28.271 28.271 28.271 28.271 38.271 28.271 28.271 28.271 28.271 28.271 28.271 28.271 28.271 28.271 28.271 28.271 28.271 28.271 28.271 28.271 28.271 28.271 28.271 74.271 28.271 28.271 28.271 28.271 28.271 28.271 28.271 28.271 28.271 28.271 28.271 28.271 28.271 28.271 28.271 28.271 28.271 28.271 28.271 28.271 28.271 28.271 28.271 508.271 28.271 28.271 28.271 28.271 28.271 28.271 28.271 28.271 28.271 34.271 28.271 30.271 28.271 28.271 28.271 28.271 28.271 28.271 28.271 28.271 28.271 28.271 28.271 28.271 28.271 40.271 51.271 28.271 28.271 28.271 28.271 28.271 28.271 28.271 28.271 28.271 28.271 28.271 28.271 28.271 28.271 160.271 28.271 28.271 28.271 28.271 28.271 28.271 74.271 28.271 242.271 28.271 28.271 28.271 28.271 28.271 28.271 28.271 28.271 28.271 28.271 28.271 71.271 28.271 28.271 28.271 28.271 28.271 28.271 118.271 168.271 32.271 28.271 28.271 28.271 28.271 28.271 28.271 28.271 28.271 28.271 28.271 28.271 43.271 28.271 28.271 28.271 28.271 28.271 31.271 28.271 31.271 28.271 28.271 28.271 28.271 28.271 28.271 28.271 28.271 28.271 28.271 28.271 28.271 28.271 28.271 28.271 28.271 28.271 28.271 28.271 28.271 28.271 28.271 28.271 28.271 28.271 28.271 28.271 28.271 28.271 48.271 28.271 28.271 28.271 32.271 28.271 28.271 28.271 28.271 28.271 54.271 28.271 28.271 28.271 28.271 28.271 28.271 28.271 28.271 28.271 28.271 28.271 28.271 28.271 28.271 28.271 28.271 28.271 28.271 28.271 28.271 28.271 28.271 28.271 28.271 28.271 28.271 28.271 28.271 28.271 28.271 28.271 28.271 28.271 28.271 28.271 130.271 252.271 28.271 28.271 28.271 28.271 28.271 28.271 28.271 28.271 28.271 28.271 28.271 28.271 28.271 28.271 28.271 28.271 28.271 28.271 28.271 28.271 28.271 28.271 28.271 
rewards of Offsets elements: 0 633 965 0 0 707 904 0 0 0 0 0 0 0 750 516 0 0 0 1517 0 0 0 928 0 598 0 0 0 0 0 614 0 7 42 114 591 0 0 0 0 567 0 0 0 0 350 0 1302 0 0 0 0 0 0 0 0 231 98 0 0 0 0 0 0 0 0 365 0 0 0 0 3 4 14 4 0 0 0 0 0 0 0 0 0 0 0 0 13 0 0 0 0 0 0 0 0 0 0 30 0 0 0 0 0 0 0 0 0 0 0 0 0 0 0 3 0 6 0 0 0 0 0 0 0 0 0 0 0 0 0 0 0 0 0 0 0 0 0 0 0 0 0 0 0 0 0 0 0 0 0 0 0 0 0 0 0 387 22 0 0 0 0 0 0 0 0 0 0 0 0 0 0 462 0 0 0 0 0 0 0 0 0 0 0 0 0 0 0 0 0 314 0 0 0 0 0 0 0 1 0 0 58 0 0 0 0 0 0 0 0 0 0 0 0 0 0 0 0 0 0 0 0 0 0 1 0 0 0 0 0 0 0 0 0 0 0 0 0 0 0 0 148 0 0 0 0 0 0 0 0 0 0 0 0 0 0 0 0 0 0 0 0 0 0 0 0 0 0 0 0 0 0 0 0 0 0 0 0 0 0 0 0 0 25 6 0 0 0 0 0 0 0 0 0 0 0 0 0 0 0 0 0 0 0 0 0 0 0 88 6 0 0 0 0 0 0 0 0 0 0 0 0 65 0 0 203 3 0 418 0 0 0 0 0 0 0 0 0 0 0 0 0 0 0 0 0 0 0 0 0 0 0 0 0 0 0 0 0 0 0 0 0 0 0 0 0 0 0 0 86 26 0 0 0 0 0 0 0 0 0 0 0 0 0 0 0 16 0 0 0 0 0 0 0 0 0 0 0 0 0 0 0 0 0 0 0 0 0 0 0 0 0 30 0 0 0 0 0 0 0 0 0 0 0 0 0 0 0 0 0 0 0 0 17 0 0 0 0 0 0 0 0 0 0 0 0 0 0 0 0 377 0 0 0 172 7 1 0 0 0 0 0 0 0 156 428 0 0 0 0 0 0 0 0 0 8 68 0 0 0 0 0 0 0 0 0 0 0 0 0 281 0 0 0 0 0 0 106 0 0 0 0 0 0 0 0 0 0 0 0 0 0 0 0 0 0 0 0 4 26 0 9 0 0 0 0 0 0 0 0 0 0 0 0 0 61 0 0 0 128 0 0 0 0 0 0 0 0 0 0 0 0 0 0 0 0 0 0 0 0 0 0 0 0 0 0 0 0 0 0 2 567 0 0 0 0 0 0 0 0 0 0 6 0 0 10 0 0 0 0 0 0 0 0 0 0 0 0 0 0 32 0 66 0 0 0 0 0 0 0 0 0 0 0 0 0 0 0 0 0 0 0 0 0 0 0 0 0 0 0 0 0 0 0 0 0 0 0 0 0 0 0 334 0 0 9 0 0 0 0 0 0 0 264 0 0 436 153 0 0 0 0 251 0 0 0 0 0 64 119 0 0 0 0 0 0 0 0 0 0 0 0 0 8 0 0 0 3 0 0 0 0 0 0 0 0 0 0 0 0 0 0 0 0 0 0 0 12 19 0 1 30 4 18 0 0 48 0 0 0 0 0 0 0 41 36 0 0 4 0 0 0 0 0 0 0 0 0 8 0 0 0 0 0 0 0 0 0 0 3 0 0 0 0 0 0 0 0 0 65 0 0 0 0 0 0 176 69 0 0 19 0 0 0 0 0 0 0 0 0 0 0 0 0 0 0 0 0 0 0 0 4 0 0 0 361 290 441 0 0 0 132 1116 0 0 0 0 0 0 56 0 0 0 32 0 0 1512 0 0 0 0 0 0 1 0 0 0 0 0 0 0 0 0 0 0 0 0 0 0 0 0 6 0 0 0 0 0 0 0 0 62 0 2 0 0 3 0 345 269 0 0 0 0 0 0 0 0 0 0 0 0 93 5 437 22 0 13 0 2 500 0 182 0 0 0 0 0 0 0 0 0 0 0 0 4 0 8 22 30 15 0 0 0 0 0 0 0 0 0 0 0 0 0 0 0 0 0 0 0 0 20 0 0 0 0 0 0 0 0 0 0 0 0 0 0 0 0 0 0 0 66 0 0 0 0 0 164 0 0 0 0 0 0 0 0 0 0 0 0 0 0 110 6 0 0 0 0 0 0 0 0 0 0 0 0 0 0 0 0 0 0 28 184 3 0 0 0 0 0 0 0 0 0 0 0 0 0 0 0 0 0 0 0 133 0 0 0 0 0 0 0 0 0 0 0 0 0 0 385 0 0 0 94 0 0 22 0 0 0 0 0 0 0 0 0 0 0 0 0 0 0 0 0 12 0 0 0 0 0 0 0 0 0 0 0 0 27 0 0 0 0 0 0 0 0 0 0 31 15 0 0 0 0 0 0 0 0 231 0 0 0 0 0 304 17 0 0 0 0 0 0 0 0 0 0 0 0 0 0 0 0 0 0 0 13 0 0 0 0 412 0 0 0 0 0 0 0 0 0 2 0 0 0 0 0 8 0 31 0 0 3 0 0 0 0 0 171 0 0 0 0 0 0 0 0 0 0 0 0 157 0 89 26 0 0 0 0 0 0 0 0 0 0 0 0 0 0 30 0 0 41 0 0 0 8 3 0 0 0 0 0 0 0 0 0 0 0 0 0 0 0 0 0 0 2 0 0 44 0 0 0 0 0 0 0 0 0 0 157 0 0 24 0 51 0 0 0 0 0 0 0 0 0 0 0 150 0 0 0 0 0 0 0 0 0 0 0 0 0 90 0 0 0 0 0 0 0 0 0 0 0 0 0 0 0 0 0 12 1107 0 0 0 0 0 0 0 0 0 0 0 0 2 0 0 0 6 0 0 9 0 0 0 0 0 0 0 36 0 0 0 0 0 0 0 0 0 0 0 0 0 0 0 0 0 0 0 0 0 0 0 0 0 0 5 0 0 0 0 0 0 0 0 0 0 0 0 0 0 0 0 0 0 0 0 0 0 0 0 0 0 0 2 0 0 0 57 56 40 15 30 0 0 0 0 270 191 0 0 104 0 0 0 0 0 0 0 0 0 0 0 0 0 84 40 31 0 0 0 0 0 0 0 52 126 448 2 180 456 0 0 0 0 0 0 0 0 0 0 0 0 0 0 0 0 0 0 0 0 0 0 0 0 0 0 0 0 0 0 0 0 0 0 0 0 0 0 18 0 0 0 1 0 0 0 0 0 0 0 0 0 0 0 0 0 0 0 81 0 0 0 0 0 0 0 0 0 0 0 2 0 20 0 0 0 0 0 0 0 0 0 0 0 0 0 0 52 0 0 0 0 0 0 0 0 0 0 0 4 0 0 1 0 0 0 0 0 0 0 0 0 0 0 190 0 0 0 0 0 0 0 25 0 1 0 0 0 54 0 0 0 0 0 2 0 0 0 0 0 0 0 0 0 0 0 0 0 0 0 2 0 0 0 0 50 0 0 0 0 0 0 0 0 12 1 0 0 0 0 0 0 0 0 0 42 216 0 0 0 0 0 0 0 0 0 0 0 0 0 0 0 0 0 0 0 0 105 0 0 0 0 0 0 0 6 218 0 10 0 58 0 0 0 0 196 0 0 0 2 0 0 0 0 0 0 0 0 0 0 0 0 0 0 0 0 0 3 0 0 0 0 0 0 0 0 0 0 89 0 0 98 0 0 0 0 0 0 0 0 0 0 0 0 0 0 0 0 0 0 0 0 0 0 0 0 0 0 0 0 322 0 0 0 0 0 0 0 0 0 49 195 0 3 0 0 0 0 0 0 0 0 20 0 2 0 0 0 0 0 12 0 0 0 0 0 0 0 0 0 0 0 0 0 0 0 0 0 0 0 0 0 315 198 0 215 0 126 0 0 0 0 3 2 2 0 0 0 0 0 0 0 0 0 132 0 0 0 0 0 0 0 0 82 0 0 0 0 0 0 0 0 0 0 0 704 8 24 168 0 10 0 0 0 20 78 32 0 0 0 0 0 0 0 0 0 0 0 0 0 0 0 0 0 0 0 0 0 0 0 0 0 0 0 14 0 0 252 0 66 3 0 0 0 208 0 16 165 0 0 0 0 0 0 0 0 0 59 0 0 0 0 0 0 0 0 0 0 0 0 0 0 0 0 0 0 0 0 16 884 225 50 0 0 0 0 0 0 43 43 0 0 0 0 4 0 0 0 0 0 0 0 0 0 0 0 0 0 0 0 0 0 0 7 6 0 0 0 0 0 0 0 0 0 0 0 0 0 0 0 0 0 0 0 0 0 0 0 0 0 0 0 0 0 0 0 0 0 0 0 0 0 0 0 0 0 0 0 0 0 11 0 0 0 0 0 0 0 61 45 93 8 100 45 0 138 0 4 0 0 0 0 0 0 0 0 0 0 0 30 0 0 0 0 0 0 0 0 0 0 0 0 0 0 0 0 0 0 0 52 0 2 0 0 0 0 0 0 0 0 33 0 0 0 0 0 0 0 0 0 0 0 0 0 0 0 1 0 0 0 0 0 0 0 0 0 0 0 0 0 0 0 0 158 2 0 0 0 0 0 0 0 0 1 3 0 0 0 0 0 0 0 52 0 8 0 0 0 0 0 0 0 0 0 0 0 0 0 0 117 0 0 0 0 0 10 0 0 0 0 0 0 0 0 0 0 0 0 0 0 0 0 0 0 46 0 0 0 0 0 0 0 0 0 0 0 0 0 0 0 0 0 0 0 0 0 0 0 480 0 0 0 0 0 0 0 0 0 6 0 2 0 0 0 0 0 0 0 0 0 0 0 0 0 12 23 0 0 0 0 0 0 0 0 0 0 0 0 0 0 132 0 0 0 0 0 0 46 0 214 0 0 0 0 0 0 0 0 0 0 0 43 0 0 0 0 0 0 90 140 4 0 0 0 0 0 0 0 0 0 0 0 15 0 0 0 0 0 3 0 3 0 0 0 0 0 0 0 0 0 0 0 0 0 0 0 0 0 0 0 0 0 0 0 0 0 0 0 0 0 20 0 0 0 4 0 0 0 0 0 26 0 0 0 0 0 0 0 0 0 0 0 0 0 0 0 0 0 0 0 0 0 0 0 0 0 0 0 0 0 0 0 0 0 0 0 102 224 0 0 0 0 0 0 0 0 0 0 0 0 0 0 0 0 0 0 0 0 0 0 0 Printing Sanity3
offset_index value2300
offset list size2300
reward size2300
potential size2300
-----------------------------------------------------------------------------------------------------------------------------------------------------------------------------------------------------

DRAM Statistics
 CHANNEL 0
 RQ ROW_BUFFER_HIT:      32226  ROW_BUFFER_MISS:      59753
 DBUS_CONGESTED:         45
 WQ ROW_BUFFER_HIT:       1310  ROW_BUFFER_MISS:       8115  FULL:          0

 AVG_CONGESTED_CYCLE: 4
 All warmup complete: 2
Channel 0 Bank busy for read cycles: 0
Channel 0 Bank busy for write cycles: 0
Channel 0
Rank 0
0banks busy for read cycles: 645371895
0banks busy for write cycles: 6428
1banks busy for read cycles: 5380995
1banks busy for write cycles: 1004362
2banks busy for read cycles: 1073589
2banks busy for write cycles: 174634
3banks busy for read cycles: 350016
3banks busy for write cycles: 54714
4banks busy for read cycles: 142258
4banks busy for write cycles: 23933
5banks busy for read cycles: 93004
5banks busy for write cycles: 10199
6banks busy for read cycles: 63839
6banks busy for write cycles: 4288
7banks busy for read cycles: 48127
7banks busy for write cycles: 1715
8banks busy for read cycles: 30323
8banks busy for write cycles: 3212

CPU 0 Branch Prediction Accuracy: 99.8157% MPKI: 0.33106 Average ROB Occupancy at Mispredict: 49.2633
Branch types
NOT_BRANCH: 164072294 82.0361%
BRANCH_DIRECT_JUMP: 2074383 1.03719%
BRANCH_INDIRECT: 12202008 6.101%
BRANCH_CONDITIONAL: 12421346 6.21067%
BRANCH_DIRECT_CALL: 3880637 1.94032%
BRANCH_INDIRECT_CALL: 734371 0.367185%
BRANCH_RETURN: 4614942 2.30747%
BRANCH_OTHER: 0 0%

DRAM PAGES: 1048576
Allocated PAGES: 4418
