
*** ChampSim Multicore Out-of-Order Simulator ***

Warmup Instructions: 50000000
Simulation Instructions: 200000000
Number of CPUs: 1
LLC sets: 2048
LLC ways: 16
Off-chip DRAM Size: 4096 MB Channels: 1 Width: 64-bit Data Rate: 6400 MT/s
CPU 0 runs traces/spec2k17/srv_52.champsimtrace.xz
.xz
BTB has LRU replacement policy
ITLB has LRU replacement policy
DTLB has LRU replacement policy
STLB has LRU replacement policy
L1I has LRU replacement policy
L1D has LRU replacement policy
Initialize SRRIP state for L2C
Initialize DRRIP state for LLC
Heartbeat CPU 0 instructions: 10000000 cycles: 2944728 heartbeat IPC: 3.3959 cumulative IPC: 3.3959 (Simulation time: 0 hr 0 min 35 sec) 
Heartbeat CPU 0 instructions: 20000003 cycles: 5882241 heartbeat IPC: 3.40424 cumulative IPC: 3.40007 (Simulation time: 0 hr 1 min 12 sec) 
Heartbeat CPU 0 instructions: 30000001 cycles: 8812206 heartbeat IPC: 3.41301 cumulative IPC: 3.40437 (Simulation time: 0 hr 1 min 49 sec) 
*** Reached end of trace for Core: 0 Repeating trace: traces/spec2k17/srv_52.champsimtrace.xz
Heartbeat CPU 0 instructions: 40000001 cycles: 11749755 heartbeat IPC: 3.4042 cumulative IPC: 3.40433 (Simulation time: 0 hr 2 min 25 sec) 
Heartbeat CPU 0 instructions: 50000001 cycles: 14686445 heartbeat IPC: 3.40519 cumulative IPC: 3.4045 (Simulation time: 0 hr 3 min 1 sec) 

Warmup complete CPU 0 instructions: 50000001 cycles: 14686445 (Simulation time: 0 hr 3 min 1 sec) 

Offsets elements: 
Potential of Offsets elements: 
rewards of Offsets elements: 
Printing Sanity1
offset list size2434
Offsets elements: 
Potential of Offsets elements: 
rewards of Offsets elements: 0 0 0 0 0 0 0 9 0 0 0 752 4 13 0 0 0 662 446 0 0 0 0 0 73 0 0 93 6 6 0 0 0 0 0 0 0 0 0 6 0 259 0 0 0 0 10 12 0 0 31 0 0 0 0 0 1203 385 0 210 0 1194 0 0 0 0 0 3 804 2 0 0 0 0 0 0 0 0 1 0 0 0 0 0 0 0 0 0 12 0 0 81 0 0 0 0 19 5 3 0 0 1089 0 497 0 0 0 0 0 0 0 0 0 0 0 0 0 0 0 0 0 0 0 0 0 0 0 0 0 0 0 0 0 0 0 0 6 135 0 95 116 98 0 2 243 0 6 245 0 0 0 0 0 0 0 5 0 0 0 884 0 0 0 4 0 69 0 0 0 0 0 0 0 0 0 0 0 0 0 10 0 0 0 0 0 0 0 0 30 0 0 0 0 0 0 0 0 0 0 0 0 0 0 0 0 0 1 12 0 0 0 9 28 0 0 789 0 0 0 215 22 0 32 0 0 0 6 0 21 0 2 198 273 0 0 0 0 0 0 0 0 0 0 0 0 0 0 0 15 4 94 0 0 0 112 0 0 0 27 0 0 0 0 0 0 0 0 14 0 0 0 0 0 0 0 0 0 0 0 0 0 0 0 0 1 0 0 0 0 0 0 0 16 0 0 0 0 2 0 0 0 0 0 0 0 0 0 0 0 0 0 0 0 44 0 0 0 142 0 0 0 0 0 0 0 0 0 0 0 0 0 8 0 0 0 0 0 0 0 0 0 0 0 0 0 0 0 0 0 0 0 0 0 595 0 0 0 223 0 0 0 2 0 0 0 0 0 0 0 0 0 0 0 0 0 56 89 4 0 0 27 0 50 0 0 0 418 50 0 0 0 15 17 0 0 40 49 0 0 0 0 147 1 0 0 0 0 0 215 245 0 0 0 0 0 0 0 0 0 0 0 0 0 0 184 0 0 0 0 0 0 0 0 0 0 16 32 0 0 0 0 0 0 0 0 0 0 0 0 0 313 0 50 0 0 0 0 0 0 0 0 0 0 0 0 0 0 0 0 0 3 0 0 0 0 0 0 0 0 0 0 0 0 0 0 50 0 1 8 14 50 0 26 0 0 0 0 0 0 0 0 8 0 256 0 141 0 0 0 0 19 0 0 0 0 0 0 0 0 0 0 0 0 0 0 0 0 0 0 0 0 60 0 0 0 0 0 0 0 15 0 0 0 0 0 0 0 0 0 0 0 0 0 26 0 0 0 0 0 0 0 0 206 3 2 0 0 0 0 0 0 2 10 0 0 0 0 0 0 0 0 0 0 0 0 0 0 0 0 0 0 0 0 0 156 60 0 0 0 0 101 0 0 0 0 0 0 0 115 0 0 0 0 0 0 32 0 0 0 0 0 13 0 0 0 0 0 0 18 0 0 0 0 0 0 0 0 0 0 0 0 0 0 0 0 0 0 0 3 0 1 0 0 6 11 12 0 11 0 21 9 241 0 0 0 0 0 0 5 0 0 0 0 0 26 0 13 133 0 2 0 0 0 0 0 0 0 0 0 240 0 0 0 0 0 0 0 0 0 0 0 0 0 0 6 0 14 270 0 0 0 0 0 0 55 0 0 208 0 0 0 0 0 0 12 3 0 23 35 401 0 0 0 0 403 66 0 0 0 375 46 94 0 0 0 0 0 226 24 369 239 0 0 0 0 2 0 0 7 3 0 0 0 0 4 0 0 0 0 0 0 0 0 2 0 0 0 0 0 0 0 0 0 0 0 0 0 0 0 0 0 0 343 10 1 0 0 0 159 147 0 0 0 0 0 0 0 0 0 0 0 0 0 0 0 0 0 0 191 51 13 0 0 0 0 147 0 0 0 0 0 0 0 0 0 2 0 0 0 0 0 0 0 0 0 0 0 0 0 0 0 12 0 0 0 0 0 0 75 0 0 0 1 0 0 0 0 0 1 0 6 0 0 0 0 0 0 0 42 4 0 0 0 0 14 0 0 0 0 0 0 0 0 0 0 0 0 0 0 801 0 650 0 0 0 0 0 0 2 4 0 0 0 0 0 0 0 0 0 0 0 0 0 80 0 0 0 0 0 0 0 0 0 0 0 0 0 0 0 73 0 0 0 0 0 0 0 0 5 0 0 0 0 0 0 0 72 0 0 0 0 0 0 23 0 0 0 0 0 0 0 0 0 0 0 0 0 0 0 0 25 0 0 10 0 0 0 0 0 0 132 0 0 0 0 0 0 0 0 0 0 0 161 0 0 0 0 462 0 0 0 0 0 0 0 0 0 0 0 0 0 0 0 0 0 0 0 0 0 0 0 3 0 3 0 0 0 0 0 0 0 0 0 0 0 0 0 12 0 0 0 112 0 0 0 0 0 0 0 0 0 0 0 0 0 0 0 0 0 0 0 0 0 0 563 0 0 0 0 0 0 0 0 0 0 0 0 0 0 0 0 0 0 0 0 0 0 0 0 0 0 0 0 0 0 0 0 0 0 0 0 0 8 0 0 0 0 0 0 0 0 0 0 0 0 0 0 0 0 0 0 0 0 0 0 0 0 0 0 1 2 0 0 8 0 0 0 0 0 0 0 0 0 0 0 0 0 0 0 4 0 0 0 0 0 0 0 0 0 2 0 0 0 0 0 0 0 72 57 1 5 424 0 9 0 0 0 0 0 0 0 0 0 0 0 0 0 0 0 0 0 0 0 0 0 0 0 0 0 0 0 0 0 0 0 0 0 0 0 0 0 0 0 0 0 0 0 0 0 0 15 0 7 0 0 0 0 0 0 0 0 0 0 0 0 0 0 0 0 0 0 0 0 0 0 0 0 0 0 0 0 0 0 0 0 21 0 0 0 0 0 0 0 0 0 0 0 70 0 0 0 0 0 0 0 0 0 0 0 0 0 0 0 0 0 0 0 2 2 0 8 0 1 0 1 33 0 2 0 0 0 0 0 0 0 0 0 0 0 0 0 0 0 0 0 0 0 0 0 0 0 0 0 0 0 0 0 0 135 9 69 0 42 0 0 0 0 1 0 0 18 1 0 0 0 0 0 0 0 0 0 0 0 0 0 0 0 0 0 0 0 0 0 0 0 0 0 0 0 0 0 3 0 0 34 0 0 0 0 0 0 0 0 0 0 0 0 0 0 0 0 0 0 0 0 1 0 0 0 0 0 0 0 0 0 0 0 0 0 0 0 0 0 0 0 0 0 0 0 35 0 0 0 0 0 0 0 0 0 0 0 0 0 0 0 0 0 0 2 0 20 0 0 0 0 0 0 0 0 0 4 75 0 0 0 0 51 0 0 0 0 0 0 0 0 0 10 58 42 14 0 0 0 2 189 0 26 12 0 0 0 0 0 0 0 0 0 0 0 0 0 0 0 0 0 0 0 0 0 0 0 0 15 0 0 0 0 0 0 0 0 0 0 0 0 0 0 0 0 0 0 0 0 0 0 0 0 0 0 0 0 0 54 0 0 0 0 0 36 0 0 0 0 0 0 0 0 0 0 0 0 0 0 0 0 0 0 0 0 0 0 0 0 0 0 0 0 26 5 15 1 0 0 0 0 80 0 0 52 0 0 10 0 0 112 0 76 0 10 0 0 10 0 27 0 0 0 0 0 0 0 0 0 0 0 0 0 0 0 0 0 0 0 0 0 0 0 0 0 0 234 1209 177 0 0 0 0 0 0 0 6 0 0 0 0 0 0 0 0 0 0 0 0 0 0 0 0 0 0 0 0 0 0 0 0 0 0 0 0 0 0 0 0 0 0 0 0 0 0 0 0 0 0 0 0 8 0 0 0 0 0 0 0 24 0 0 0 0 0 0 0 0 0 0 0 0 0 0 0 0 0 0 0 0 0 0 0 0 0 0 0 0 0 0 0 0 0 0 0 0 0 0 0 0 0 0 0 0 0 0 0 0 0 0 0 0 0 0 0 0 0 0 0 0 0 0 0 0 0 0 0 0 0 0 0 0 0 0 0 0 0 0 0 0 0 0 0 0 0 0 0 0 0 0 0 0 0 0 0 0 0 0 0 2391 0 0 0 0 0 0 0 0 0 0 0 0 0 184 0 0 0 1 0 0 0 0 0 0 0 0 0 0 0 0 0 0 0 0 0 0 0 0 0 0 0 0 0 0 0 0 0 0 0 0 0 0 0 0 0 0 0 0 0 0 0 0 0 0 0 0 0 0 0 0 0 0 0 0 0 0 0 0 0 0 0 0 0 0 0 0 0 0 0 0 0 0 0 0 0 0 0 0 0 0 0 0 0 0 0 0 0 0 0 0 0 0 0 0 0 0 0 0 0 0 0 0 0 0 0 0 0 0 0 0 0 0 0 0 0 0 0 0 0 0 0 0 0 0 0 0 0 0 0 0 0 0 0 0 0 0 194 346 0 0 0 0 0 0 0 2 0 0 0 0 3 0 0 0 0 0 0 0 0 0 0 0 0 81 0 0 0 154 0 0 0 0 0 0 5 4 0 0 0 0 0 0 0 0 0 0 0 0 0 0 15 13 24 0 0 0 0 0 0 0 0 0 0 0 0 0 0 4 5 0 0 0 0 0 0 0 0 0 0 0 0 0 0 0 0 0 0 0 0 0 0 0 0 0 0 0 0 0 0 0 0 0 0 0 0 0 0 0 0 0 0 0 0 0 0 0 0 0 0 0 0 0 0 0 0 0 0 0 0 0 0 0 0 0 0 0 0 84 2 0 0 0 0 0 0 0 0 0 0 0 0 0 0 0 0 0 0 0 0 0 0 0 0 0 0 0 0 0 0 0 0 0 0 0 0 0 0 0 0 0 0 0 0 0 0 0 0 0 0 0 0 0 0 0 0 0 0 0 0 0 0 0 0 451 0 0 0 0 2 0 0 0 0 0 0 0 0 0 0 0 0 0 0 0 0 0 0 0 0 0 0 0 0 0 0 0 0 0 0 0 0 987 0 0 0 0 0 0 0 0 0 0 0 0 0 0 0 0 0 0 0 0 0 0 0 0 0 0 0 0 0 0 0 0 0 0 68 0 0 0 0 0 0 0 0 0 0 0 0 0 0 0 0 0 0 0 0 0 0 0 0 0 14 12 0 0 0 0 0 0 8 0 0 0 0 0 0 0 0 0 0 0 0 0 0 0 0 0 0 0 0 0 0 0 0 6 19 0 0 0 0 4 0 0 0 0 0 0 0 0 0 0 50 0 0 0 0 0 0 0 0 0 0 0 0 0 0 0 0 0 0 0 0 0 0 0 0 0 0 0 1 11 0 4 12 0 0 136 0 0 0 0 0 0 0 0 0 0 9 0 44 36 0 0 0 0 0 0 0 0 0 0 0 34 0 12 0 0 0 0 84 0 0 0 0 61 0 0 0 0 0 0 0 0 0 0 0 0 0 0 0 0 0 0 0 0 0 0 0 0 0 0 0 0 0 0 10 0 0 0 0 0 0 0 0 0 0 0 0 0 0 0 0 0 0 0 0 0 0 0 
Printing Sanity2
Heartbeat CPU 0 instructions: 60000000 cycles: 47642148 heartbeat IPC: 0.303438 cumulative IPC: 0.303438 (Simulation time: 0 hr 4 min 8 sec) 
*** Reached end of trace for Core: 0 Repeating trace: traces/spec2k17/srv_52.champsimtrace.xz
Heartbeat CPU 0 instructions: 70000000 cycles: 80190300 heartbeat IPC: 0.307237 cumulative IPC: 0.305326 (Simulation time: 0 hr 5 min 14 sec) 
Heartbeat CPU 0 instructions: 80000000 cycles: 114464491 heartbeat IPC: 0.291765 cumulative IPC: 0.300667 (Simulation time: 0 hr 6 min 20 sec) 
Heartbeat CPU 0 instructions: 90000000 cycles: 147374547 heartbeat IPC: 0.303858 cumulative IPC: 0.301459 (Simulation time: 0 hr 7 min 29 sec) 
*** Reached end of trace for Core: 0 Repeating trace: traces/spec2k17/srv_52.champsimtrace.xz
Heartbeat CPU 0 instructions: 100000000 cycles: 180084904 heartbeat IPC: 0.305714 cumulative IPC: 0.3023 (Simulation time: 0 hr 8 min 38 sec) 
Heartbeat CPU 0 instructions: 110000000 cycles: 213560206 heartbeat IPC: 0.298728 cumulative IPC: 0.301699 (Simulation time: 0 hr 9 min 44 sec) 
Heartbeat CPU 0 instructions: 120000000 cycles: 247022810 heartbeat IPC: 0.298841 cumulative IPC: 0.301287 (Simulation time: 0 hr 10 min 53 sec) 
*** Reached end of trace for Core: 0 Repeating trace: traces/spec2k17/srv_52.champsimtrace.xz
Heartbeat CPU 0 instructions: 130000002 cycles: 279556388 heartbeat IPC: 0.307375 cumulative IPC: 0.302035 (Simulation time: 0 hr 12 min 0 sec) 
Heartbeat CPU 0 instructions: 140000000 cycles: 313187004 heartbeat IPC: 0.297348 cumulative IPC: 0.301507 (Simulation time: 0 hr 13 min 9 sec) 
Heartbeat CPU 0 instructions: 150000000 cycles: 346319482 heartbeat IPC: 0.301819 cumulative IPC: 0.301538 (Simulation time: 0 hr 14 min 19 sec) 
*** Reached end of trace for Core: 0 Repeating trace: traces/spec2k17/srv_52.champsimtrace.xz
Heartbeat CPU 0 instructions: 160000000 cycles: 378771769 heartbeat IPC: 0.308145 cumulative IPC: 0.302127 (Simulation time: 0 hr 15 min 27 sec) 
Heartbeat CPU 0 instructions: 170000000 cycles: 412670860 heartbeat IPC: 0.294993 cumulative IPC: 0.301519 (Simulation time: 0 hr 16 min 35 sec) 
Heartbeat CPU 0 instructions: 180000000 cycles: 445525712 heartbeat IPC: 0.304369 cumulative IPC: 0.301737 (Simulation time: 0 hr 17 min 43 sec) 
*** Reached end of trace for Core: 0 Repeating trace: traces/spec2k17/srv_52.champsimtrace.xz
Heartbeat CPU 0 instructions: 190000001 cycles: 478202413 heartbeat IPC: 0.306028 cumulative IPC: 0.302039 (Simulation time: 0 hr 18 min 50 sec) 
Heartbeat CPU 0 instructions: 200000001 cycles: 511882731 heartbeat IPC: 0.296909 cumulative IPC: 0.301692 (Simulation time: 0 hr 20 min 0 sec) 
Heartbeat CPU 0 instructions: 210000003 cycles: 545096423 heartbeat IPC: 0.301081 cumulative IPC: 0.301653 (Simulation time: 0 hr 21 min 11 sec) 
*** Reached end of trace for Core: 0 Repeating trace: traces/spec2k17/srv_52.champsimtrace.xz
Heartbeat CPU 0 instructions: 220000000 cycles: 577819920 heartbeat IPC: 0.305591 cumulative IPC: 0.301882 (Simulation time: 0 hr 22 min 18 sec) 
Heartbeat CPU 0 instructions: 230000001 cycles: 611282602 heartbeat IPC: 0.29884 cumulative IPC: 0.301712 (Simulation time: 0 hr 23 min 27 sec) 
Heartbeat CPU 0 instructions: 240000000 cycles: 644328367 heartbeat IPC: 0.302611 cumulative IPC: 0.301759 (Simulation time: 0 hr 24 min 35 sec) 
*** Reached end of trace for Core: 0 Repeating trace: traces/spec2k17/srv_52.champsimtrace.xz
Heartbeat CPU 0 instructions: 250000000 cycles: 677375902 heartbeat IPC: 0.302594 cumulative IPC: 0.3018 (Simulation time: 0 hr 25 min 46 sec) 
Finished CPU 0 instructions: 200000003 cycles: 662689458 cumulative IPC: 0.3018 (Simulation time: 0 hr 25 min 46 sec) 

ChampSim completed all CPUs

Region of Interest Statistics

CPU 0 cumulative IPC: 0.3018 instructions: 200000003 cycles: 662689458
ITLB TOTAL     ACCESS:   34831885  HIT:   33190796  MISS:    1641089  HIT %:    95.2885  MISS %:    4.71146   MPKI: 8.20544
ITLB LOAD TRANSLATION ACCESS:   34831885  HIT:   33190796  MISS:    1641089  HIT %:    95.2885  MISS %:    4.71146   MPKI: 8.20544
ITLB PREFETCH  REQUESTED:          0  ISSUED:          0  USEFUL:          0  USELESS:          0
ITLB USEFUL LOAD PREFETCHES:          0 PREFETCH ISSUED TO LOWER LEVEL:          0  ACCURACY: -nan
ITLB TIMELY PREFETCHES:          0 LATE PREFETCHES: 0 DROPPED PREFETCHES: 0
ITLB PREFETCHES SAME FILL-ORIGIN LEVEL: 0 DIFFERENT FILL-ORIGIN LEVEL: 0
ITLB AVERAGE MISS LATENCY: 10.1322 cycles
ITLB RQ	ACCESS:   41087581	FORWARD:          0	MERGED:    5802453	TO_CACHE:   35285128

DTLB TOTAL     ACCESS:   43500788  HIT:   41811588  MISS:    1689200  HIT %:    96.1169  MISS %:    3.88315   MPKI: 8.446
DTLB LOAD TRANSLATION ACCESS:   43500788  HIT:   41811588  MISS:    1689200  HIT %:    96.1169  MISS %:    3.88315   MPKI: 8.446
DTLB PREFETCH  REQUESTED:          0  ISSUED:          0  USEFUL:          0  USELESS:          0
DTLB USEFUL LOAD PREFETCHES:          0 PREFETCH ISSUED TO LOWER LEVEL:          0  ACCURACY: -nan
DTLB TIMELY PREFETCHES:          0 LATE PREFETCHES: 0 DROPPED PREFETCHES: 0
DTLB PREFETCHES SAME FILL-ORIGIN LEVEL: 0 DIFFERENT FILL-ORIGIN LEVEL: 0
DTLB AVERAGE MISS LATENCY: 13.0981 cycles
DTLB RQ	ACCESS:   58951605	FORWARD:          0	MERGED:   15338179	TO_CACHE:   43613426

STLB TOTAL     ACCESS:    3347175  HIT:    3201524  MISS:     145651  HIT %:    95.6485  MISS %:    4.35146   MPKI: 0.728255
STLB LOAD TRANSLATION ACCESS:    3330289  HIT:    3184643  MISS:     145646  HIT %:    95.6266  MISS %:    4.37337   MPKI: 0.72823
STLB TRANSLATION FROM L1D PREFETCHER ACCESS:      16886  HIT:      16881  MISS:          5  HIT %:    99.9704  MISS %:  0.0296103   MPKI: 2.5e-05
STLB PREFETCH  REQUESTED:          0  ISSUED:          0  USEFUL:          3  USELESS:          2
STLB USEFUL LOAD PREFETCHES:          3 PREFETCH ISSUED TO LOWER LEVEL:          0  ACCURACY: inf
STLB TIMELY PREFETCHES:          3 LATE PREFETCHES: 0 DROPPED PREFETCHES: 8051728
STLB PREFETCHES SAME FILL-ORIGIN LEVEL: 0 DIFFERENT FILL-ORIGIN LEVEL: 0
STLB AVERAGE MISS LATENCY: 60.1402 cycles
STLB RQ	ACCESS:   15515212	FORWARD:          0	MERGED:    2460180	TO_CACHE:   13055032

STLB Hit, L1D data hit: 0
STLB Hit, L2C data hit: 0
STLB Hit, LLC data hit: 0
STLB Hit, LLC data miss: 0
STLB STLB hints to L2: 0
L1D TOTAL     ACCESS:   57123392  HIT:   53040880  MISS:    4082512  HIT %:    92.8532  MISS %:    7.14683   MPKI: 20.4126
L1D LOAD      ACCESS:   35373653  HIT:   32485791  MISS:    2887862  HIT %:    91.8361  MISS %:    8.16388   MPKI: 14.4393
L1D RFO       ACCESS:   21732063  HIT:   20540804  MISS:    1191259  HIT %:    94.5184  MISS %:    5.48157   MPKI: 5.95629
L1D PREFETCH  ACCESS:      17676  HIT:      14285  MISS:       3391  HIT %:    80.8158  MISS %:    19.1842   MPKI: 0.016955
AGUS PREFETCH L1 MISS: 0
L1D PREFETCH  REQUESTED:   26541979  ISSUED:   26150913  USEFUL:        128  USELESS:       3263
L1D USEFUL LOAD PREFETCHES:        128 PREFETCH ISSUED TO LOWER LEVEL:       3400  ACCURACY: 3.76471
L1D TIMELY PREFETCHES:        128 LATE PREFETCHES: 6 DROPPED PREFETCHES: 12167106
L1D PREFETCHES SAME FILL-ORIGIN LEVEL: 3400 DIFFERENT FILL-ORIGIN LEVEL: 0
L1D AVERAGE MISS LATENCY: 412.317 cycles
L1D RQ	ACCESS:   45979369	FORWARD:          0	MERGED:   10246421	TO_CACHE:   35547015
L1D WQ	ACCESS:   23620808	FORWARD:     185941	MERGED:     216218	TO_CACHE:   23404590
L1D PQ	ACCESS:   13965990	FORWARD:          0	MERGED:    1781059	TO_CACHE:   12184923

L1D UNIQUE REGIONS ACCESSED: 0
L1D REGIONS CONFLICTS: 0
L1D Cross Page Prefetch Requests: 13961264
L1D Same Page Prefetch Requests: 4726
L1D ROI Sum of L1D PQ occupancy: 531584245
L1D PREFETCHES PUSHED FROM L2C: 0
L1I TOTAL     ACCESS:   39829196  HIT:   31329448  MISS:    8499748  HIT %:    78.6595  MISS %:    21.3405   MPKI: 42.4987
L1I LOAD      ACCESS:   39829196  HIT:   31329448  MISS:    8499748  HIT %:    78.6595  MISS %:    21.3405   MPKI: 42.4987
L1I PREFETCH  REQUESTED:          0  ISSUED:          0  USEFUL:          0  USELESS:          0
L1I USEFUL LOAD PREFETCHES:          0 PREFETCH ISSUED TO LOWER LEVEL:          0  ACCURACY: -nan
L1I TIMELY PREFETCHES:          0 LATE PREFETCHES: 0 DROPPED PREFETCHES: 0
L1I PREFETCHES SAME FILL-ORIGIN LEVEL: 0 DIFFERENT FILL-ORIGIN LEVEL: 0
L1I AVERAGE MISS LATENCY: 21.6941 cycles
L1I RQ	ACCESS:   60231386	FORWARD:          0	MERGED:   19143805	TO_CACHE:   41087581

BTB TOTAL     ACCESS:   30246495  HIT:   19435977  MISS:   10810518  HIT %:    64.2586  MISS %:    35.7414   MPKI: 54.0526
BTB BRANCH_DIRECT_JUMP	ACCESS:    1982982  HIT:    1218303  MISS:     764679
BTB BRANCH_INDIRECT	ACCESS:   12253769  HIT:    7844105  MISS:    4409664
BTB BRANCH_CONDITIONAL	ACCESS:    7055935  HIT:    6130160  MISS:     925775
BTB BRANCH_DIRECT_CALL	ACCESS:    3467834  HIT:    2019941  MISS:    1447893
BTB BRANCH_INDIRECT_CALL	ACCESS:    1009127  HIT:     529624  MISS:     479503
BTB BRANCH_RETURN	ACCESS:    4476848  HIT:    1693844  MISS:    2783004
BTB BRANCH_OTHER ACCESS:          0  HIT:          0  MISS:          0

L2C TOTAL     ACCESS:   24895465  HIT:   20695999  MISS:    4199466  HIT %:    83.1316  MISS %:    16.8684   MPKI: 20.9973
L2C LOAD      ACCESS:   11387603  HIT:    8102174  MISS:    3285429  HIT %:    71.1491  MISS %:    28.8509   MPKI: 16.4271
L2C DATA LOAD MPKI: 5.788
L2C INSTRUCTION LOAD MPKI: 10.6391
L2C RFO       ACCESS:    1191256  HIT:     545879  MISS:     645377  HIT %:    45.8238  MISS %:    54.1762   MPKI: 3.22688
L2C PREFETCH  ACCESS:       3400  HIT:       1875  MISS:       1525  HIT %:    55.1471  MISS %:    44.8529   MPKI: 0.007625
AGUS PREFETCH L1 MISS: 0
L2C DATA PREFETCH MPKI: 0.007625
L2C INSTRUCTION PREFETCH MPKI: 0
L2C WRITEBACK ACCESS:    2097267  HIT:    1953775  MISS:     143492  HIT %:    93.1581  MISS %:    6.84186   MPKI: 0.71746
L2C LOAD TRANSLATION ACCESS:     223776  HIT:     108877  MISS:     114899  HIT %:    48.6545  MISS %:    51.3455   MPKI: 0.574495
L2C TRANSLATION FROM L1D PREFETCHER ACCESS:    9992163  HIT:    9983419  MISS:       8744  HIT %:    99.9125  MISS %:  0.0875086   MPKI: 0.04372
L2C PREFETCH  REQUESTED:          0  ISSUED:          0  USEFUL:       3559  USELESS:       6707
L2C USEFUL LOAD PREFETCHES:       3559 PREFETCH ISSUED TO LOWER LEVEL:       1525  ACCURACY: 233.377
L2C TIMELY PREFETCHES:       3559 LATE PREFETCHES: 0 DROPPED PREFETCHES: 0
L2C PREFETCHES SAME FILL-ORIGIN LEVEL: 0 DIFFERENT FILL-ORIGIN LEVEL: 0
L2C AVERAGE MISS LATENCY: 46.1768 cycles
L2C RQ	ACCESS:   22794815	FORWARD:          0	MERGED:          0	TO_CACHE:   22794814
L2C WQ	ACCESS:    2097272	FORWARD:          1	MERGED:          0	TO_CACHE:    2097272
L2C PQ	ACCESS:       3400	FORWARD:          0	MERGED:          0	TO_CACHE:       3400

L2C Instructions Evicting Data 864337
L2C Translations Evicting Data 67400
L2C Data Evicting Data 944422
L2C Instructions Evicting Instructions 1213111
L2C Translations Evicting Instructions 50888
L2C Data Evicting Instructions 796057
L2C Instructions Evicting Translations 50381
L2C Translations Evicting Translations 5355
L2C Data Evicting Translations 64023
L2C Dense regions hint from L2: 0
PSCL5 TOTAL     ACCESS:    3768893  HIT:    3768893  MISS:          0  HIT %:        100  MISS %:          0   MPKI: 0
PSCL5 LOAD TRANSLATION ACCESS:     145646  HIT:     145646  MISS:          0  HIT %:        100  MISS %:          0   MPKI: 0
PSCL5 TRANSLATION FROM L1D PREFETCHER ACCESS:    3623247  HIT:    3623247  MISS:          0  HIT %:        100  MISS %:          0   MPKI: 0
PSCL5 PREFETCH  REQUESTED:          0  ISSUED:          0  USEFUL:          0  USELESS:          0
PSCL5 USEFUL LOAD PREFETCHES:          0 PREFETCH ISSUED TO LOWER LEVEL:          0  ACCURACY: -nan
PSCL5 TIMELY PREFETCHES:          0 LATE PREFETCHES: 0 DROPPED PREFETCHES: 0
PSCL5 PREFETCHES SAME FILL-ORIGIN LEVEL: 0 DIFFERENT FILL-ORIGIN LEVEL: 0

PSCL4 TOTAL     ACCESS:    1750695  HIT:    1749439  MISS:       1256  HIT %:    99.9283  MISS %:  0.0717429   MPKI: 0.00628
PSCL4 LOAD TRANSLATION ACCESS:     142534  HIT:     141278  MISS:       1256  HIT %:    99.1188  MISS %:   0.881193   MPKI: 0.00628
PSCL4 TRANSLATION FROM L1D PREFETCHER ACCESS:    1608161  HIT:    1608161  MISS:          0  HIT %:        100  MISS %:          0   MPKI: 0
PSCL4 PREFETCH  REQUESTED:          0  ISSUED:          0  USEFUL:          0  USELESS:          0
PSCL4 USEFUL LOAD PREFETCHES:          0 PREFETCH ISSUED TO LOWER LEVEL:          0  ACCURACY: -nan
PSCL4 TIMELY PREFETCHES:          0 LATE PREFETCHES: 0 DROPPED PREFETCHES: 0
PSCL4 PREFETCHES SAME FILL-ORIGIN LEVEL: 0 DIFFERENT FILL-ORIGIN LEVEL: 0

PSCL3 TOTAL     ACCESS:    1102747  HIT:    1083575  MISS:      19172  HIT %:    98.2614  MISS %:    1.73857   MPKI: 0.09586
PSCL3 LOAD TRANSLATION ACCESS:     134664  HIT:     115492  MISS:      19172  HIT %:    85.7631  MISS %:    14.2369   MPKI: 0.09586
PSCL3 TRANSLATION FROM L1D PREFETCHER ACCESS:     968083  HIT:     968083  MISS:          0  HIT %:        100  MISS %:          0   MPKI: 0
PSCL3 PREFETCH  REQUESTED:          0  ISSUED:          0  USEFUL:          0  USELESS:          0
PSCL3 USEFUL LOAD PREFETCHES:          0 PREFETCH ISSUED TO LOWER LEVEL:          0  ACCURACY: -nan
PSCL3 TIMELY PREFETCHES:          0 LATE PREFETCHES: 0 DROPPED PREFETCHES: 0
PSCL3 PREFETCHES SAME FILL-ORIGIN LEVEL: 0 DIFFERENT FILL-ORIGIN LEVEL: 0

PSCL2 TOTAL     ACCESS:     449268  HIT:     391566  MISS:      57702  HIT %:    87.1564  MISS %:    12.8436   MPKI: 0.28851
PSCL2 LOAD TRANSLATION ACCESS:     145646  HIT:      87944  MISS:      57702  HIT %:     60.382  MISS %:     39.618   MPKI: 0.28851
PSCL2 TRANSLATION FROM L1D PREFETCHER ACCESS:     303622  HIT:     303622  MISS:          0  HIT %:        100  MISS %:          0   MPKI: 0
PSCL2 PREFETCH  REQUESTED:          0  ISSUED:          0  USEFUL:          0  USELESS:          0
PSCL2 USEFUL LOAD PREFETCHES:          0 PREFETCH ISSUED TO LOWER LEVEL:          0  ACCURACY: -nan
PSCL2 TIMELY PREFETCHES:          0 LATE PREFETCHES: 0 DROPPED PREFETCHES: 0
PSCL2 PREFETCHES SAME FILL-ORIGIN LEVEL: 0 DIFFERENT FILL-ORIGIN LEVEL: 0

LLC TOTAL     ACCESS:    5115484  HIT:    4789380  MISS:     326104  HIT %:    93.6252  MISS %:    6.37484   MPKI: 1.63052
LLC LOAD      ACCESS:    3285429  HIT:    3119702  MISS:     165727  HIT %:    94.9557  MISS %:     5.0443   MPKI: 0.828635
LLC RFO       ACCESS:     645365  HIT:     494856  MISS:     150509  HIT %:    76.6785  MISS %:    23.3215   MPKI: 0.752545
LLC PREFETCH  ACCESS:       1525  HIT:       1113  MISS:        412  HIT %:    72.9836  MISS %:    27.0164   MPKI: 0.00206
AGUS PREFETCH L1 MISS: 0
LLC WRITEBACK ACCESS:    1059522  HIT:    1058312  MISS:       1210  HIT %:    99.8858  MISS %:   0.114202   MPKI: 0.00605
LLC LOAD TRANSLATION ACCESS:     114899  HIT:     106760  MISS:       8139  HIT %:    92.9164  MISS %:    7.08361   MPKI: 0.040695
LLC TRANSLATION FROM L1D PREFETCHER ACCESS:       8744  HIT:       8637  MISS:        107  HIT %:    98.7763  MISS %:     1.2237   MPKI: 0.000535
LLC PREFETCH  REQUESTED:          0  ISSUED:          0  USEFUL:         51  USELESS:        460
LLC USEFUL LOAD PREFETCHES:         51 PREFETCH ISSUED TO LOWER LEVEL:        412  ACCURACY: 12.3786
LLC TIMELY PREFETCHES:         51 LATE PREFETCHES: 0 DROPPED PREFETCHES: 0
LLC PREFETCHES SAME FILL-ORIGIN LEVEL: 0 DIFFERENT FILL-ORIGIN LEVEL: 0
LLC AVERAGE MISS LATENCY: 221.518 cycles
LLC RQ	ACCESS:    4054457	FORWARD:          0	MERGED:          0	TO_CACHE:    4054445
LLC WQ	ACCESS:    1059524	FORWARD:         12	MERGED:          0	TO_CACHE:    1059524
LLC PQ	ACCESS:       1525	FORWARD:          0	MERGED:          0	TO_CACHE:       1525

LLC Dense regions hint to LLC: 0

RAW hits: 1995531
Loads Generated: 47974900
Loads sent to L1D: 45979369
Stores Generated: 23620826
Stores sent to L1D: 23620808
Major fault: 0 Minor fault: 5016
Allocated PAGES: 5016
ucb ended
-----------------------------------------------------------------------------------------------------------------------------------------------------------------------------------------------------
Offsets elements: 1465140607723 -1465140595402 10515 -23642 1465996237509 -849783350 -5846937 174 697 -697 5846566 1 -1465146440924 1465146440924 -5845864 -1465140605897 1465140605904 -4 4 266 -1465140607560 1465140607560 -1465140607562 1465140607566 -23 157 -134 -24 -250 270 1465140607562 -408 -1465140607561 1465140607561 5845452 -5845861 -1465140607550 1465140607552 -273 271 -268 -5 -1465140583388 1465146429250 -5846734 720 64 89 -873 873 -153 5846017 -1465146440955 1465146440956 849792084 -849792086 -1 5 -5845870 -20 -1465140607543 2 1465140607698 -1465140607566 1465140607542 1465140607565 5845456 272 -2 -271 5845861 -1465146453145 -1465140583661 1465146429256 -1465140605901 1465146451771 -1465140605885 10325 588 1465146430517 849783350 -855630287 5846745 -5846571 5846571 -5845874 5845876 -1465146441125 -305 1465146440840 -1465146430325 1465996213867 -1465140595249 1465140595263 5845862 -5845959 58 304 -304 -1465140583355 -1465146440958 1465996233040 -849792083 6 -5846616 5846622 -5846617 744 -1465140605886 1465140605888 -746 -5845878 -1465140595088 -10813 1465996243853 -1465996233040 1465146440958 849792082 1465146451755 1465140595088 855637952 -1465996243853 1465146451769 -5845868 1465146451753 1465140605900 5845865 -1465140605898 1465146451766 -1465146440956 1465146440957 849792083 5846617 -5846540 5846540 -5846573 5846572 -1465146440960 1465146440962 849792078 -849792082 -5845879 1465140605901 -5845865 -9 -1465140595255 167 -7 -10802 855637949 -855637948 -1465140595480 363 1465140595121 5845864 -1465146441431 1465146430328 849783539 -1465140595222 -46 3659 7311 -10515 1465146441032 -849783539 -5846748 5846750 -5845598 -317 -1465140595357 4143 -4125 217 1465140595175 262 1465140607570 153 -1465140608529 1465140608110 -55 -1465140607422 1465140607427 5845910 -1465146440959 1465140595101 855637939 -855637941 1465140608111 51 -1465140607565 1465140607248 -1465140607421 1465140607426 312 1465140607569 -1465140608526 1465140608052 5845908 -5845859 -418 -1465140608108 1465140608107 -1465146441297 455 -5846048 -882 751 130 5845459 -5845858 881 -130 75 -1465140607418 1465140607420 -3 -1465140607408 1465146453319 5845909 -5845860 -1465140606525 1465140606529 -1465140606509 11033 853 1465140594625 1465140608108 -1465140595263 264 5845911 1465146440959 849792081 -849792081 -5845863 -1465140583393 1465146429259 -1465146429260 -1465146440962 -849792079 -1465140606521 1465140606521 1465140606512 1465140607298 -243 400 -399 5845462 -5845862 -264 -263 52 -1465140607406 1465140607408 5845915 -53 1465140607866 -1082 1045 39 -1465146415748 23727007 1465116843246 -1465140596492 1465140596492 -1465140596480 974 -855637534 -38 -1465140581197 -14271 25214 1465996207826 -855638751 -1465140594289 1465146440886 849792154 -849792154 -5846597 7921 853136582 -853144567 7985 5838677 -1465146440920 16276 1465993722535 -853143262 -1465140595549 1465140595589 -1465140579313 -847297891 -5845372 40 853143228 -853143228 -867747 867706 -1298 717 -867131 -1465139727973 1465140595681 -1465140579264 1465140579259 5845383 -1465146441360 16715 1465140579271 -1465140595516 -5845406 855637484 -849792151 -5845423 -36 5845492 -5845492 5845496 11 -5846632 5846621 -849792064 -5845506 -1085 1084 -1465116843286 -23753211 1465140596497 -1465140595499 -998 1465140596507 867696 41 -1465140595663 -834 15262 1465146426540 -1465146564034 1465146564034 -5845307 5845308 -1465122681001 1465122681001 -5845313 -1465140700170 1465146545493 -5846478 1125 -1465140595964 584 1465140594179 -1465140594572 -1465996230886 1465146438658 7 -5845353 5845352 -5846595 -13 1295 5845313 -5845349 -129 -1465140595414 1465140594303 -1465140583751 1465146430334 -1465146440738 1465140594154 115 1123 5845358 -3679021 3679021 -1465146440697 1465996161233 100 -131 -849720161 849720223 -855567235 855567379 -855567379 855567173 -855567233 5846651 -5846627 8 -33 14109 855553269 -849720729 -5846649 14110 -14110 5846653 -1465146440887 2265 866 -3291 235 -1465996211124 38 7783 1465146411073 -1465146440810 1465146440812 849792228 -849792230 13 -12 -5832544 5832556 -5845360 2166338 3679020 -5832556 -5845346 2166337 3679156 -1465146440841 1465146440694 -5845339 5845486 -5845490 49 -5845489 12799 -12751 5845306 -5845359 -1465140595390 1465142761728 -2166299 -1465140596487 1465146441807 134 68 -1195 5846483 -5845285 -72 -2153533 5832548 -1116 5846600 -5845286 5845281 -5845288 1194 5845287 -8 -5845281 -74 5845351 -5846600 1318 5845277 5845289 -5845287 5845284 -5845356 -1244 -5845357 -5846475 2167460 3679015 -1246 1316 -1197 1198 -202 200 72 -1318 5845276 -5845279 -1316 5846603 5845355 -3679019 -2167580 1319 5845353 -5846476 5846476 133 -5845855 1465140606525 1465140606524 5845730 -1465146452255 1465140606509 1465146452238 -5845730 -5845729 1465140606511 -138 -1465140607558 1465140607558 1465140607297 5845728 125 -5845852 3 1465140607418 53 261 1465140608529 1465140608376 5845471 140 1465140606773 1465140607301 -1465140606777 5845711 -1465146440808 1465146440952 849792088 -855637522 -5845783 1465140607421 5845780 -5845309 12752 -1465140608437 -12844 1465140608526 1465146453816 -5832538 -13173 1465146452239 -18 -5832539 5832558 5832541 5832539 -5845766 -5832557 -1465140608270 -125 849792214 -849792213 -12752 469 1465140608055 5845742 -5832522 5832557 -5832558 12751 -1465140621275 1465146453834 -5845310 -51 -1465140596488 1465140596488 2166293 3678993 -5845274 2164165 -1465142772691 472 -50 -1243 1293 -424 -819 109 -1465140606713 1465140607897 -471 470 -472 5845744 -1465146453802 1465140608533 5845270 -5845272 5845271 -5845271 5845322 -5846369 5846402 -5845273 5845323 1465146453802 -5845276 -5832523 -1465140621274 1465140608523 -1465140595811 -12712 -1465140595392 1465140595396 33 -34 5832523 -1465140692364 1465140692364 1465140608528 -32 -1465146440794 1465146440808 849792232 -849792246 -5832519 -1465140621281 1465140608539 -10 12753 -1465140608531 -5845711 13174 -1465140619683 1465140606456 5845783 -5845780 13224 -1465140620645 12374 1465146440827 -126 -5845308 855637522 -12753 474 -469 -1465140607426 -631 -1465140607427 1465146453169 -5832521 5832522 -1465140608524 1465140608473 -1465140608475 1465140608514 1465142762781 -2114 -2164167 -1465140607880 1465140607830 -1293 -1465140608060 5845272 -5845323 5845324 -1097 1097 -1080 -1465140607396 5832555 -1465140608563 1465140608527 -1465140595396 1465146440699 -1465146537638 1465140607896 5845275 31 -1465146440793 -15 -5832518 855624768 -855624767 -1465140608439 1465140608439 5832537 1465146440810 849792230 -849792231 -5845443 5845446 -5832553 -1465146440986 1465146440826 -855638822 126 594 61 -1465140594999 1465146440813 849792227 -849792345 -5846351 5846475 -1465146440824 849792216 -855638696 -28 -5845329 -1125 -1465140592216 1465146438670 -5832524 -1241 14048 -12755 -1465140608525 1465140608525 1465140621281 5832525 -5832525 5832521 -2116 3681114 165 -11 -5845445 1058 1465146440721 -1465146441137 -855630280 5845863 28 1277 -1465140596497 9 5845283 -1465146440798 -849792242 339 10631 1465996222409 -1465996232924 1465996224382 -353 -1465146440873 1465146440855 12 -5832540 5832679 -5832683 5832528 -5832528 -1465140608147 1465146440661 -5832527 1465146440675 -14 26 -25 -5832514 -5845331 5845331 -1465146440649 1465146440680 59 -59 -60 119 -5845413 12735 -12735 5845424 -161 5832553 -5845343 69 -71 70 -1465140608528 1465140608552 5832516 171 -172 -5846452 5846457 5832514 -5845289 -1465140595930 -567 1465146441783 -39 -1465140595624 14428 1465140581236 -1465140718731 1465140718727 5845285 -1465146441780 1465146441780 -1465122680978 1465122680980 -1465140718727 1465140717645 -1465116842202 -23752220 1465146440793 849792247 -849792249 -855628983 -45 1116 175 5846574 -849792248 -1465146440795 -29 29 -5845491 5845357 -5845315 5845330 -5845258 3681143 5845288 -5846482 5846618 -5832690 5832527 -1465146438670 1465140606147 -12806 12807 -13932 5846454 5832524 -30 30 -31 -5832526 5832529 -1465146440982 1465140608457 18 -1465146440813 -849792244 -5832520 -14058 5846602 -5845885 5846027 -143 -1465146440819 13928 5832540 -1465146440812 -5832552 1465146440994 -5832550 5832543 -1465146442554 1465140610012 -1465140608277 1465146440828 -855637570 -1465140595424 1465996205154 81 -43987 62 -849720292 -5846973 5846613 849720521 8084 5838533 15 -1465146441019 -112654 112901 -532 1465140595946 1310 -1309 -1465140583757 -10615 10404 1465140591798 -1465140602564 1465140595755 -1465140584990 1465142751328 -1465142761676 -849720223 849720161 -855567137 5846976 -5846976 -1465140594268 1465140602671 -1465140600406 1465146437753 -1465146441044 21954 1465146418856 7917 1465140572444 -6810 -2159526 -1465140602159 1465146440691 139 -5832679 5832542 1465140608147 -5832537 5832538 21 -1465146440739 60 -5838615 -6807 -1465146441283 -340 8072 -1465140602155 131 -69 -5847012 -5847010 5846646 -5846622 855567378 -855553204 5832470 -5846644 14175 5832473 -1465140594233 -160 2425 -2190 -21954 21916 -18860 1465996229984 -1465996203318 1465146411085 -5838525 5838525 -5832475 5832478 -1465146441281 -1465146430176 6050 -5838523 5838524 25 -1465146440706 1465146440681 -1465146441280 -1465146441022 -5846596 5846597 5838609 -5832559 -83 -5838534 5996 -5995 6056 -6055 5993 5832536 16 -5845358 5845482 -5845414 8059 5838527 -5832477 -64 -1465140608143 1465140608144 -1465146440811 -849792229 -5838536 -1465140604024 1465140604025 -6766 -1168 5846608 -5846626 5846481 -1465140608344 1465140608344 -1465140606079 867 -3057 -1465146440662 1465996161211 177 -855553271 855553063 -358 -5846655 855553098 71674 -71709 144 -14141 855567345 -855553269 -14109 14174 -14237 5846654 849720555 -849720553 -849792228 14 -1465146545478 1465146545466 143 -150 -6 -1465146440815 -849792225 154 -5845498 5845967 -5845499 -1465140595348 1465142761685 -2166334 -1465140595542 1465140595097 855637943 -1465996244468 -1465140606522 1465140606522 1465140607722 -1465140608376 1465146453967 -5845915 -1465140607417 1465140607417 5845913 -1465146453321 317 -312 316 -1465140607742 173 1465146453336 -157 -1465140608372 806 1465146453972 1465146440961 849792079 -5845478 2166334 -2166264 -1465140595541 446 855637497 1465140607732 -163 -474 849792080 -855637573 5845495 -3679158 3679157 -1465146440976 1465146440975 849792065 -855630763 -1465140604023 -6809 12864 -12796 12796 -1465140595538 -5838698 1465140604027 -12860 5845458 -1465146441063 13936 1465146427128 10 5838698 -5846686 5846680 -1465146440967 1465140594264 855638776 -2094093 -1465994138808 1465140594124 855630491 -855630491 5846697 184 -183 -5846703 -1465140594132 1465140594131 -1465140594263 -849792080 -5846743 750 5845996 -5845996 5846007 1465140604028 -1465140602277 1465140595499 855637541 -855637541 6778 -6808 6809 6766 -6803 6803 -6771 -1465140595880 -604 1465140596494 1465140595556 -1465140581285 -1465996207826 -25214 1465146440947 -5846658 855638751 -6694 -1465140595589 -867752 854010975 -853143273 1465140596480 -2166288 -868191 -551 868811 -867674 -1465139727726 1465142759549 -3031243 3031243 3681259 -5845432 -867691 -61 65 6713078 867650 42 -867690 -1465139727866 1465139727865 856505175 -856505174 -867126 -581 867758 -867707 867128 -867709 -49 50 -867125 867127 -48 -1465140595575 1465146440948 -6712501 855637465 -856505224 6713130 -5845430 -1465140595556 1465140595516 43 855637481 -855637484 -867750 867700 -89 2166248 -2166248 -40 45 44 48 36 -867654 -62 642 867653 1465139740825 867703 1465139740823 869886 -2192 5845386 -5843193 -2246 88 867652 -867713 867726 -867664 580 -582 867663 -1465140608478 1465139740826 867712 -1465140608536 1465139740824 869888 -2194 -5843191 -2248 -867666 582 -643 643 867665 -1465140608255 1465140608319 -867716 867714 -1465140608315 1465140608318 -3033988 869890 -2196 -5843189 -2250 -867653 867670 -867731 -583 867668 -65 -1465140608320 1465140608322 -867719 867717 -1465140608318 1465139740601 867651 -867651 3033988 -3033939 869892 -2198 -5843187 5843189 -1465146440947 849792092 -849792093 -1465146440979 -847297831 -1465146440948 -849792091 -5838682 5838683 -5838679 5838678 -5838678 -1465140600151 1465140593378 -1465140596496 1465140596496 -1465140595506 1465140595512 -44 855637572 5838681 -1465146440957 1465146440960 -5845493 -1465140596491 1465140596501 1465140569075 1227 -1227 -1465140602209 16707 1465140578848 5845406 847297823 -847297819 2166300 -2166336 2166332 -2166335 2164221 -1465142759563 1465142759563 -2164221 -1465142761685 1465140595348 5845464 -1465146441483 1465140602785 1465140597249 5845468 -5846747 5846752 -5845505 -373 367 -171 -1465140595803 1465146441256 -1465146441939 1465146441938 -1465146440981 509 1465140593837 -1465140593838 17379 -17748 1465146441029 -1465996224730 22151 -21963 21962 1465995212757 -1465995212763 6837 1465146412171 -1465140596495 1465140596456 -5838694 1465140604024 1465140602278 -6804 855637566 -855630762 -6772 1465140596506 5845445 -5845451 6774 6055 -6052 -6773 -27 -42 71 1465140595513 -43 855637570 -855637527 -1009992 -1465139567656 -1465996224542 -855649152 -1465139585527 3081 -3069 21927 1465146419038 -5845450 -1465140595547 1465140595541 -1465140596494 1465140596458 5845415 -1465140595947 -535 -6704 -1279 867752 1465140595506 867661 -2166292 867603 -867603 867664 -1465139740876 1465139741456 5845395 -5843201 -867652 -867726 867081 -5843199 867666 -867667 581 867083 1465140608316 -66 -5843197 -5843195 5843198 -855637524 -1465140595563 -855637468 -867706 6713084 -5845377 -867127 6712504 -6713135 631 -867708 867769 12761 -12761 5845377 -1465146440949 -1465139727753 15787 1465146425118 -5845440 853143223 -1465993724508 1465146440955 7922 -1465140602211 -856505175 867693 -867754 -867698 867691 854010980 -853143226 -867693 6713051 -6713051 867707 5845344 -1465146441292 3271 1465139724970 -1465140595962 3280 1465993735906 -854010919 854010914 -1465993738790 1465993738791 2494249 -2494255 -853144560 5845975 847297881 -853144451 5846576 847297880 -1465993738823 1465993722546 -853143485 853143479 -1465993738673 1465996161249 -71690 71690 -71345 66384 -849787169 849720456 -849720456 849792130 -849792130 847297876 -1465993739140 16194 -15840 1465146440912 849792128 -849792129 847297873 27 853143192 -853143196 867753 5845356 1465139711561 867784 853143199 -1465993739258 -16278 -267 300 16243 1465996216797 -1465996230155 -3374 17198 940 -17649 -1465996232949 -384 375 -426 3232 -96454 111425 -18273 513 17558 -111223 23846000 1465122688482 -1465122684811 -23756172 857 1465994134644 -1465970381595 1465122684812 -1465122684808 -23756175 856 1465146437862 -1465122684812 -1465146440909 -849792133 -1465146441209 -121 496 2806 14769 23752414 1465972480626 -849792132 -1465146440983 1465994134588 -1465970385222 1465122688495 -1465146440908 1465146440909 849792131 -1465146423259 23734765 -23752840 23752840 1465969986361 -1465993721130 23734802 1465122688459 -6710812 6710812 -1465139730098 -1465996232938 8028 -1465116849770 -23752451 -1465996233410 370 1465146440900 849792140 -1465996215228 1465146423024 -1465146440911 1465996211124 -1465996211086 1465146418946 -1465146440899 30232 1465996202808 -849792138 -1465146440901 1465146440908 849792132 -849792139 -1465146440762 23752304 1465116849770 -872124 -1465115977645 1465122688457 847297871 -1465993739201 1465993739212 -1465993721141 23734767 -23752838 23752838 -23734767 -23752489 23749367 -23752413 1465146440910 -1465146440835 -375 14583 -11402 -2880 23750200 1465972482840 -849792131 -1465146440984 1465994134576 -1465970387423 -23750200 -6713096 -1465139727738 3181 1465993738778 -847297869 1465996233115 -2494263 -1465993738777 847696344 -1465994135063 1465146438718 -1465996229993 -3047 1465993738779 2494261 -2494258 -1465993691448 1465993691449 -847297872 847297872 -854010970 -1465139680489 1465993691460 -847297873 -1465146441264 16193 -15839 -1465146426628 23735918 -23750275 23747154 1465122690710 847297868 -1465993738852 1465146437866 -5845355 5845360 -5845344 5845343 -6713050 -1465139728204 2880 1465996230160 -52 -1465146441371 1465139728378 -1465139710048 -18048 1465139728679 -584 -1465139727886 -236 18076 -14925 1465146437960 -6712404 -1465139710635 23731683 1465115978328 6712991 -1465146441232 1465146437962 -1465146440854 2895 1465996230145 -856504590 867122 -1465140592670 1465139724971 -1465139710050 -23749614 1465994132532 -847694729 -1465122691313 1465115978327 -1465139724971 14920 1558188 22173557 340 1465133228089 506714295 -1465663674466 7496 7955174 3941956 3941948 1970983 -985487 -492752 246987 -122883 -61441 -16419674 16357010 -16420180 1465146441229 -1465146437964 1465146437966 -1465130082497 1465406097952 -1465422456605 -573772812 -1465422460227 1465146440846 849792194 -849792195 276019377 -276019381 276019376 -1465422442404 1465422442404 79703 1465146343325 -1465146440846 1465422460226 573772814 -573772816 -1465422460225 90 -91 -99 -1465146343332 1465146343332 -1465146437954 6712985 -1465146423035 1465994132533 -847694730 1465398710685 210095 -282074755 -1465140595564 867699 -867699 282942609 -282942547 6712970 -6712971 6712390 -5845261 5845263 -5845264 282074841 -282074841 -5845263 -1465140595421 1465140595412 282074849 -282074849 -276229580 -1465146440836 1465146440848 849792192 -849792206 -6712400 282731772 -1465422460359 17955 1465146343329 -1465146343334 -97515 1465146440851 849792189 -849792192 1465146423097 -849792187 -5845351 853143221 -853144449 -5845348 1465146438036 276229497 -276229496 282942548 -276229489 -6713058 282942547 -282942609 -580 6713059 -6712478 -632 6712479 -6713059 6713108 6712478 632 6712464 -6713095 -1465139728286 1465146424672 -1465140595572 -849792115 -276229488 -5845352 282074840 -1465422670261 -276229503 -1465146440914 1465993722076 -276229497 -1465140595588 -855637475 19 854010917 -1465993738815 1465139711622 -1465422670813 1465422667438 95 -282942548 -1465139728287 121 17575 -14769 1465139724985 -1465422670413 -1465996233115 1465122688486 -849792141 -1465146441320 18071 1465969986348 -847297862 -1465122688488 23752488 -23750223 -2972 -14282 23747320 1465122690702 -1465146440977 -2095417 -1465994135433 23747153 1465122690701 1465146440903 -1465996218758 23735919 1465398710025 -1465422460226 1465422460222 573772818 -1465972480970 1465113615854 285092300 -282732359 867723 282074730 -282942514 867780 853143197 -1465993691459 -47203 1465146440782 -1465146441255 47634 -31443 1465993722944 -847297885 -847297880 -1465146440973 -2095787 -398476 2190 1465146438707 849792144 44234 1465146393620 -1465146426619 1465139713583 -1465115977611 1869 9072977 -1465146393621 1465993691502 1465146437857 -1465146440903 -849792140 -1465146441253 -1557 1465146437856 -1465122690702 1465122690703 -849792135 -1465146440904 -847297870 -5845354 5845350 5845354 -1465146440917 1465140595561 855637479 -1465140595725 -231 1465140598152 5843174 -5843174 282072662 -282072661 -2230 2229 -2195 2197 5843171 -5843172 5843172 276229488 -282072659 -2232 2231 -2197 2199 5843169 -1465146440799 1465422670287 -282072660 -2199 2201 -1465140597632 1465146440799 276229491 -282072658 -2201 276229505 -282942611 -1465146440912 867694 -1465146441316 1465140595964 -1465140592684 -282074753 1465422667439 -282942454 282074845 1465139727804 856505236 -855633995 -871179 282941967 -282074845 -1465422670287 1465140595442 -1465140595568 1465146440911 849792129 -1465146441139 1465422460456 -276019315 -1465146423093 1465140577743 -5845328 5845372 -849792103 -1465146441012 1465146441021 276019284 -276019284 276019288 -276019278 -35 35 -853143221 -1465146440937 -849792127 -5845396 853143229 -853143269 -1465140594345 1465146440967 -1465146424502 1465146424505 -6855439 6855438 848793706 -50214 -848743494 -1465140595515 -5845447 1465140608530 12812 -12814 12814 5832625 -5845448 5845449 5845450 -1465140602278 1465140606528 -1465140607564 1465140607568 -19 -1465140608530 1465140608532 -422 1465140607424 -1465140595047 -855637992 -1465140595048 55 5845860 -5846541 1046 -1079 1118 2166281 -1465142761677 1465140595397 5845442 -5845495 -1465140595470 -855638042 -1465140607272 1465140607276 476 -58 -433 432 -436 -494 -1465140607416 1465140607909 -495 5845923 -1465146453748 -1465140595532 1465140595530 855637507 -1465996229208 1465146437125 -1465996233333 293 1465146440954 849792086 -1465146437122 1465146441247 1465146437121 -1465146437120 -3722 1465140602320 5838520 -1465146440954 -849792088 -3830 -849792085 -1465140591698 -3716 1465146440839 -5845427 -1465140595531 1465140595468 -849792084 -5845426 5845427 -1047 653 -1465140583339 1465140583768 5845490 -5846539 5846538 -5845963 444 5845429 -5845919 1465140582719 -1465140594388 -5845617 5845619 -5845882 5845873 -5845494 -5845497 -1465140595467 -1465140570292 1217 2166297 -5846670 5846671 -6855625 856638975 1465995234719 -1465995234679 21922 -21910 3069 -3082 -1465146419041 1465140573587 -1465140595595 -888 1465140596493 -1465140581245 1465140594289 5846669 -1465140595689 1465140602383 -6654 -1465140578848 1465993722071 1320 -41 -86 -1465140595517 -1465996218769 849792093 1178 -1267 2167515 -3033998 874404 -6742 5845484 -1465146453962 6713137 -5845434 5845434 -1465146440800 1465140595373 -5845395 -5845483 -5845435 -867701 -1465140608538 13162 5845426 -6713148 -1465140608319 1465146453739 -5845420 3679148 -5845422 -1465140595378 1465140595370 -867779 867740 5845397 -6713137 6713135 -6713147 6713149 6712505 -867745 6713140 6713148 -867702 1465140608254 -1465140595315 1465140595372 2166277 -2166280 5845423 -6713140 6713139 -5845433 1465140595465 -1465140579678 1465140579718 855637477 -856505236 -1465139728274 -16334 16798 1465139711100 6713138 847297833 867748 34 10589 208 -1465140606388 -855626860 209 -207 -1465140606462 1465146440941 849792099 -849792097 -1465146440792 -855555152 5834560 849720384 -855567173 855567208 -849720196 849791870 12286 -12252 12195 855555150 -855567378 12285 -3039 4072 -13317 5846787 -5846789 -5832677 5832676 849720421 -849720419 849792094 -855626842 -1465140606199 1465140606197 -17 855626859 -1465140606272 1465146440943 -1465146438753 1465146438757 -1465996232889 2906 1465996158305 -173 1465996161331 71647 -71503 -849720367 -5834974 -12038 12004 12066 -12065 -855555304 -12073 12227 849720420 -849720421 849792095 -855626855 -1465140606184 -855626856 -1465140606258 1465996230850 -849720369 -5834989 855555186 -855555182 855555147 71709 -849791870 -1465146441170 -5834764 855555210 855638882 -5846977 -5834765 -855626859 5834769 -1465140606580 1465140603300 -1465140606180 -855626861 -1465140606077 -855567131 5846970 -5846970 11990 -1465140606183 -1465996232900 -94756 94761 -94761 94755 -94755 94741 -94741 1465146535488 -1465146423094 7455 -25095 1465146440735 -1465146534080 118440 1465146415624 -1465146440735 25111 -118453 93342 -1465146415608 -118466 118466 1465146415616 25119 -118459 93340 -1465146415620 -118456 118456 -25115 -1465146415618 1465146415618 -93341 118459 -25118 -1465146534076 -1465146423063 1465146423064 -1465146440874 1465146440938 849792102 -849792166 8401 1465146410583 -849792101 -5834759 1465146440946 -849792100 -5834758 5834766 -5834761 5834762 -5834762 1465140603305 -1465140606185 32 14077 -14084 -12195 12013 855555341 -849720603 -5846775 12038 5834741 -5846780 -1465140594158 1465996232900 -1465996327656 1465146440746 -17640 -1465146415640 -118440 -1465146415624 118469 1465146415608 -93339 -93340 -25119 -118458 1465146415617 -17885 1465146441108 -1465146440938 19726 1465996211086 -1465146437882 27299 1465140575825 855626860 1465146440945 5834748 -5834766 -1465140606208 -855555213 1465140606581 -1465140603318 1465146438290 -206 -855567171 855567233 -5846986 12203 57 -57 -12203 -12227 855567377 -5834546 -12229 5846779 118458 -25117 -1465146415617 1465146415615 1465146423063 -75 -1465996230850 19764 -21916 -1465996229984 1465146437882 -1465146410583 1465996202685 5834759 -1465146440939 849792101 -5834748 191 5834558 5834550 -5845388 5845392 -5845386 10588 -878583 -1465139727806 1465140594634 855638406 -855626411 -1465140606704 1465140606478 855554733 -855554910 -12471 -849720385 849720422 -5846752 5846977 -855638846 5846753 -5845382 -1465140595438 1465140595439 12436 5834318 -93190 93196 93176 -93175 1465146533922 1465146415648 25087 -118434 93347 -1465146415652 -118430 118430 -25083 -1465146415650 -118432 118432 -25085 -1465146415651 -118431 1465146534082 1465146415651 -93347 -1465146534082 118431 1465146415650 -1465146423065 1465146423066 
Potential of Offsets elements: 28.3335 28.3335 28.3335 28.3335 28.3335 28.3335 28.3335 37.3335 28.3335 28.3335 28.3335 780.333 32.3335 41.3335 28.3335 28.3335 28.3335 690.333 474.333 28.3335 28.3335 28.3335 28.3335 28.3335 101.333 28.3335 28.3335 121.333 34.3335 34.3335 28.3335 28.3335 28.3335 28.3335 28.3335 28.3335 28.3335 28.3335 28.3335 34.3335 28.3335 287.333 28.3335 28.3335 28.3335 28.3335 38.3335 40.3335 28.3335 28.3335 59.3335 28.3335 28.3335 28.3335 28.3335 28.3335 1209.04 413.333 28.3335 238.333 28.3335 1208.17 28.3335 28.3335 28.3335 28.3335 28.3335 31.3335 832.333 30.3335 28.3335 28.3335 28.3335 28.3335 28.3335 28.3335 28.3335 28.3335 29.3335 28.3335 28.3335 28.3335 28.3335 28.3335 28.3335 28.3335 28.3335 28.3335 40.3335 28.3335 28.3335 109.333 28.3335 28.3335 28.3335 28.3335 47.3335 33.3335 31.3335 28.3335 28.3335 1117.33 28.3335 525.333 28.3335 28.3335 28.3335 28.3335 28.3335 28.3335 28.3335 28.3335 28.3335 28.3335 28.3335 28.3335 28.3335 28.3335 28.3335 28.3335 28.3335 28.3335 28.3335 28.3335 28.3335 28.3335 28.3335 28.3335 28.3335 28.3335 28.3335 28.3335 28.3335 28.3335 28.3335 28.3335 34.3335 163.333 28.3335 123.333 144.333 126.333 28.3335 30.3335 271.333 28.3335 34.3335 273.333 28.3335 28.3335 28.3335 28.3335 28.3335 28.3335 28.3335 33.3335 28.3335 28.3335 28.3335 912.333 28.3335 28.3335 28.3335 32.3335 28.3335 97.3335 28.3335 28.3335 28.3335 28.3335 28.3335 28.3335 28.3335 28.3335 28.3335 28.3335 28.3335 28.3335 28.3335 38.3335 28.3335 28.3335 28.3335 28.3335 28.3335 28.3335 28.3335 28.3335 58.3335 28.3335 28.3335 28.3335 28.3335 28.3335 28.3335 28.3335 28.3335 28.3335 28.3335 28.3335 28.3335 28.3335 28.3335 28.3335 28.3335 28.3335 29.3335 40.3335 28.3335 28.3335 28.3335 37.3335 56.3335 28.3335 28.3335 817.333 28.3335 28.3335 28.3335 243.333 50.3335 28.3335 60.3335 28.3335 28.3335 28.3335 34.3335 28.3335 49.3335 28.3335 30.3335 226.333 301.333 28.3335 28.3335 28.3335 28.3335 28.3335 28.3335 28.3335 28.3335 28.3335 28.3335 28.3335 28.3335 28.3335 28.3335 28.3335 43.3335 32.3335 122.333 28.3335 28.3335 28.3335 140.333 28.3335 28.3335 28.3335 55.3335 28.3335 28.3335 28.3335 28.3335 28.3335 28.3335 28.3335 28.3335 42.3335 28.3335 28.3335 28.3335 28.3335 28.3335 28.3335 28.3335 28.3335 28.3335 28.3335 28.3335 28.3335 28.3335 28.3335 28.3335 28.3335 29.3335 28.3335 28.3335 28.3335 28.3335 28.3335 28.3335 28.3335 44.3335 28.3335 28.3335 28.3335 28.3335 30.3335 28.3335 28.3335 28.3335 28.3335 28.3335 28.3335 28.3335 28.3335 28.3335 28.3335 28.3335 28.3335 28.3335 28.3335 28.3335 72.3335 28.3335 28.3335 28.3335 170.333 28.3335 28.3335 28.3335 28.3335 28.3335 28.3335 28.3335 28.3335 28.3335 28.3335 28.3335 28.3335 28.3335 36.3335 28.3335 28.3335 28.3335 28.3335 28.3335 28.3335 28.3335 28.3335 28.3335 28.3335 28.3335 28.3335 28.3335 28.3335 28.3335 28.3335 28.3335 28.3335 28.3335 28.3335 28.3335 623.333 28.3335 28.3335 28.3335 251.333 28.3335 28.3335 28.3335 30.3335 28.3335 28.3335 28.3335 28.3335 28.3335 28.3335 28.3335 28.3335 28.3335 28.3335 28.3335 28.3335 28.3335 84.3335 117.333 32.3335 28.3335 28.3335 55.3335 28.3335 78.3335 28.3335 28.3335 28.3335 446.333 78.3335 28.3335 28.3335 28.3335 43.3335 45.3335 28.3335 28.3335 68.3335 77.3335 28.3335 28.3335 28.3335 28.3335 175.333 29.3335 28.3335 28.3335 28.3335 28.3335 28.3335 243.333 273.333 28.3335 28.3335 28.3335 28.3335 28.3335 28.3335 28.3335 28.3335 28.3335 28.3335 28.3335 28.3335 28.3335 28.3335 212.333 28.3335 28.3335 28.3335 28.3335 28.3335 28.3335 28.3335 28.3335 28.3335 28.3335 44.3335 60.3335 28.3335 28.3335 28.3335 28.3335 28.3335 28.3335 28.3335 28.3335 28.3335 28.3335 28.3335 28.3335 28.3335 341.333 28.3335 78.3335 28.3335 28.3335 28.3335 28.3335 28.3335 28.3335 28.3335 28.3335 28.3335 28.3335 28.3335 28.3335 28.3335 28.3335 28.3335 28.3335 28.3335 31.3335 28.3335 28.3335 28.3335 28.3335 28.3335 28.3335 28.3335 28.3335 28.3335 28.3335 28.3335 28.3335 28.3335 28.3335 78.3335 28.3335 29.3335 36.3335 42.3335 78.3335 28.3335 54.3335 28.3335 28.3335 28.3335 28.3335 28.3335 28.3335 28.3335 28.3335 36.3335 28.3335 284.333 28.3335 169.333 28.3335 28.3335 28.3335 28.3335 47.3335 28.3335 28.3335 28.3335 28.3335 28.3335 28.3335 28.3335 28.3335 28.3335 28.3335 28.3335 28.3335 28.3335 28.3335 28.3335 28.3335 28.3335 28.3335 28.3335 28.3335 88.3335 28.3335 28.3335 28.3335 28.3335 28.3335 28.3335 28.3335 43.3335 28.3335 28.3335 28.3335 28.3335 28.3335 28.3335 28.3335 28.3335 28.3335 28.3335 28.3335 28.3335 28.3335 54.3335 28.3335 28.3335 28.3335 28.3335 28.3335 28.3335 28.3335 28.3335 234.333 31.3335 30.3335 28.3335 28.3335 28.3335 28.3335 28.3335 28.3335 30.3335 38.3335 28.3335 28.3335 28.3335 28.3335 28.3335 28.3335 28.3335 28.3335 28.3335 28.3335 28.3335 28.3335 28.3335 28.3335 28.3335 28.3335 28.3335 28.3335 28.3335 28.3335 28.3335 184.333 88.3335 28.3335 28.3335 28.3335 28.3335 129.333 28.3335 28.3335 28.3335 28.3335 28.3335 28.3335 28.3335 143.333 28.3335 28.3335 28.3335 28.3335 28.3335 28.3335 60.3335 28.3335 28.3335 28.3335 28.3335 28.3335 41.3335 28.3335 28.3335 28.3335 28.3335 28.3335 28.3335 46.3335 28.3335 28.3335 28.3335 28.3335 28.3335 28.3335 28.3335 28.3335 28.3335 28.3335 28.3335 28.3335 28.3335 28.3335 28.3335 28.3335 28.3335 28.3335 28.3335 31.3335 28.3335 29.3335 28.3335 28.3335 34.3335 39.3335 40.3335 28.3335 39.3335 28.3335 49.3335 37.3335 269.333 28.3335 28.3335 28.3335 28.3335 28.3335 28.3335 33.3335 28.3335 28.3335 28.3335 28.3335 28.3335 54.3335 28.3335 41.3335 161.333 28.3335 30.3335 28.3335 28.3335 28.3335 28.3335 28.3335 28.3335 28.3335 28.3335 28.3335 268.333 28.3335 28.3335 28.3335 28.3335 28.3335 28.3335 28.3335 28.3335 28.3335 28.3335 28.3335 28.3335 28.3335 28.3335 34.3335 28.3335 42.3335 298.333 28.3335 28.3335 28.3335 28.3335 28.3335 28.3335 83.3335 28.3335 28.3335 236.333 28.3335 28.3335 28.3335 28.3335 28.3335 28.3335 40.3335 31.3335 28.3335 51.3335 63.3335 429.333 28.3335 28.3335 28.3335 28.3335 431.333 94.3335 28.3335 28.3335 28.3335 403.333 74.3335 122.333 28.3335 28.3335 28.3335 28.3335 28.3335 254.333 52.3335 397.333 267.333 28.3335 28.3335 28.3335 28.3335 30.3335 28.3335 28.3335 35.3335 31.3335 28.3335 28.3335 28.3335 28.3335 32.3335 28.3335 28.3335 28.3335 28.3335 28.3335 28.3335 28.3335 28.3335 30.3335 28.3335 28.3335 28.3335 28.3335 28.3335 28.3335 28.3335 28.3335 28.3335 28.3335 28.3335 28.3335 28.3335 28.3335 28.3335 28.3335 28.3335 28.3335 371.333 38.3335 29.3335 28.3335 28.3335 28.3335 187.333 175.333 28.3335 28.3335 28.3335 28.3335 28.3335 28.3335 28.3335 28.3335 28.3335 28.3335 28.3335 28.3335 28.3335 28.3335 28.3335 28.3335 28.3335 28.3335 219.333 79.3335 41.3335 28.3335 28.3335 28.3335 28.3335 175.333 28.3335 28.3335 28.3335 28.3335 28.3335 28.3335 28.3335 28.3335 28.3335 30.3335 28.3335 28.3335 28.3335 28.3335 28.3335 28.3335 28.3335 28.3335 28.3335 28.3335 28.3335 28.3335 28.3335 28.3335 28.3335 40.3335 28.3335 28.3335 28.3335 28.3335 28.3335 28.3335 103.333 28.3335 28.3335 28.3335 29.3335 28.3335 28.3335 28.3335 28.3335 28.3335 29.3335 28.3335 34.3335 28.3335 28.3335 28.3335 28.3335 28.3335 28.3335 28.3335 70.3335 32.3335 28.3335 28.3335 28.3335 28.3335 42.3335 28.3335 28.3335 28.3335 28.3335 28.3335 28.3335 28.3335 28.3335 28.3335 28.3335 28.3335 28.3335 28.3335 28.3335 829.333 28.3335 678.333 28.3335 28.3335 28.3335 28.3335 28.3335 28.3335 30.3335 32.3335 28.3335 28.3335 28.3335 28.3335 28.3335 28.3335 28.3335 28.3335 28.3335 28.3335 28.3335 28.3335 28.3335 108.333 28.3335 28.3335 28.3335 28.3335 28.3335 28.3335 28.3335 28.3335 28.3335 28.3335 28.3335 28.3335 28.3335 28.3335 28.3335 101.333 28.3335 28.3335 28.3335 28.3335 28.3335 28.3335 28.3335 28.3335 33.3335 28.3335 28.3335 28.3335 28.3335 28.3335 28.3335 28.3335 100.333 28.3335 28.3335 28.3335 28.3335 28.3335 28.3335 51.3335 28.3335 28.3335 28.3335 28.3335 28.3335 28.3335 28.3335 28.3335 28.3335 28.3335 28.3335 28.3335 28.3335 28.3335 28.3335 28.3335 53.3335 28.3335 28.3335 38.3335 28.3335 28.3335 28.3335 28.3335 28.3335 28.3335 160.333 28.3335 28.3335 28.3335 28.3335 28.3335 28.3335 28.3335 28.3335 28.3335 28.3335 28.3335 189.333 28.3335 28.3335 28.3335 28.3335 490.333 28.3335 28.3335 28.3335 28.3335 28.3335 28.3335 28.3335 28.3335 28.3335 28.3335 28.3335 28.3335 28.3335 28.3335 28.3335 28.3335 28.3335 28.3335 28.3335 28.3335 28.3335 28.3335 28.3335 31.3335 28.3335 31.3335 28.3335 28.3335 28.3335 28.3335 28.3335 28.3335 28.3335 28.3335 28.3335 28.3335 28.3335 28.3335 28.3335 40.3335 28.3335 28.3335 28.3335 140.333 28.3335 28.3335 28.3335 28.3335 28.3335 28.3335 28.3335 28.3335 28.3335 28.3335 28.3335 28.3335 28.3335 28.3335 28.3335 28.3335 28.3335 28.3335 28.3335 28.3335 28.3335 28.3335 591.333 28.3335 28.3335 28.3335 28.3335 28.3335 28.3335 28.3335 28.3335 28.3335 28.3335 28.3335 28.3335 28.3335 28.3335 28.3335 28.3335 28.3335 28.3335 28.3335 28.3335 28.3335 28.3335 28.3335 28.3335 28.3335 28.3335 28.3335 28.3335 28.3335 28.3335 28.3335 28.3335 28.3335 28.3335 28.3335 28.3335 28.3335 36.3335 28.3335 28.3335 28.3335 28.3335 28.3335 28.3335 28.3335 28.3335 28.3335 28.3335 28.3335 28.3335 28.3335 28.3335 28.3335 28.3335 28.3335 28.3335 28.3335 28.3335 28.3335 28.3335 28.3335 28.3335 28.3335 28.3335 29.3335 30.3335 28.3335 28.3335 36.3335 28.3335 28.3335 28.3335 28.3335 28.3335 28.3335 28.3335 28.3335 28.3335 28.3335 28.3335 28.3335 28.3335 28.3335 28.3335 32.3335 28.3335 28.3335 28.3335 28.3335 28.3335 28.3335 28.3335 28.3335 28.3335 30.3335 28.3335 28.3335 28.3335 28.3335 28.3335 28.3335 28.3335 100.333 85.3335 29.3335 33.3335 452.333 28.3335 37.3335 28.3335 28.3335 28.3335 28.3335 28.3335 28.3335 28.3335 28.3335 28.3335 28.3335 28.3335 28.3335 28.3335 28.3335 28.3335 28.3335 28.3335 28.3335 28.3335 28.3335 28.3335 28.3335 28.3335 28.3335 28.3335 28.3335 28.3335 28.3335 28.3335 28.3335 28.3335 28.3335 28.3335 28.3335 28.3335 28.3335 28.3335 28.3335 28.3335 28.3335 28.3335 28.3335 28.3335 28.3335 28.3335 28.3335 43.3335 28.3335 35.3335 28.3335 28.3335 28.3335 28.3335 28.3335 28.3335 28.3335 28.3335 28.3335 28.3335 28.3335 28.3335 28.3335 28.3335 28.3335 28.3335 28.3335 28.3335 28.3335 28.3335 28.3335 28.3335 28.3335 28.3335 28.3335 28.3335 28.3335 28.3335 28.3335 28.3335 28.3335 28.3335 49.3335 28.3335 28.3335 28.3335 28.3335 28.3335 28.3335 28.3335 28.3335 28.3335 28.3335 28.3335 98.3335 28.3335 28.3335 28.3335 28.3335 28.3335 28.3335 28.3335 28.3335 28.3335 28.3335 28.3335 28.3335 28.3335 28.3335 28.3335 28.3335 28.3335 28.3335 28.3335 30.3335 30.3335 28.3335 36.3335 28.3335 29.3335 28.3335 29.3335 61.3335 28.3335 30.3335 28.3335 28.3335 28.3335 28.3335 28.3335 28.3335 28.3335 28.3335 28.3335 28.3335 28.3335 28.3335 28.3335 28.3335 28.3335 28.3335 28.3335 28.3335 28.3335 28.3335 28.3335 28.3335 28.3335 28.3335 28.3335 28.3335 28.3335 28.3335 28.3335 28.3335 163.333 37.3335 97.3335 28.3335 70.3335 28.3335 28.3335 28.3335 28.3335 29.3335 28.3335 28.3335 46.3335 29.3335 28.3335 28.3335 28.3335 28.3335 28.3335 28.3335 28.3335 28.3335 28.3335 28.3335 28.3335 28.3335 28.3335 28.3335 28.3335 28.3335 28.3335 28.3335 28.3335 28.3335 28.3335 28.3335 28.3335 28.3335 28.3335 28.3335 28.3335 28.3335 28.3335 31.3335 28.3335 28.3335 62.3335 28.3335 28.3335 28.3335 28.3335 28.3335 28.3335 28.3335 28.3335 28.3335 28.3335 28.3335 28.3335 28.3335 28.3335 28.3335 28.3335 28.3335 28.3335 28.3335 28.3335 29.3335 28.3335 28.3335 28.3335 28.3335 28.3335 28.3335 28.3335 28.3335 28.3335 28.3335 28.3335 28.3335 28.3335 28.3335 28.3335 28.3335 28.3335 28.3335 28.3335 28.3335 28.3335 28.3335 28.3335 63.3335 28.3335 28.3335 28.3335 28.3335 28.3335 28.3335 28.3335 28.3335 28.3335 28.3335 28.3335 28.3335 28.3335 28.3335 28.3335 28.3335 28.3335 28.3335 30.3335 28.3335 48.3335 28.3335 28.3335 28.3335 28.3335 28.3335 28.3335 28.3335 28.3335 28.3335 32.3335 103.333 28.3335 28.3335 28.3335 28.3335 79.3335 28.3335 28.3335 28.3335 28.3335 28.3335 28.3335 28.3335 28.3335 28.3335 38.3335 86.3335 70.3335 42.3335 28.3335 28.3335 28.3335 30.3335 217.333 28.3335 54.3335 40.3335 28.3335 28.3335 28.3335 28.3335 28.3335 28.3335 28.3335 28.3335 28.3335 28.3335 28.3335 28.3335 28.3335 28.3335 28.3335 28.3335 28.3335 28.3335 28.3335 28.3335 28.3335 28.3335 28.3335 28.3335 43.3335 28.3335 28.3335 28.3335 28.3335 28.3335 28.3335 28.3335 28.3335 28.3335 28.3335 28.3335 28.3335 28.3335 28.3335 28.3335 28.3335 28.3335 28.3335 28.3335 28.3335 28.3335 28.3335 28.3335 28.3335 28.3335 28.3335 28.3335 28.3335 28.3335 82.3335 28.3335 28.3335 28.3335 28.3335 28.3335 64.3335 28.3335 28.3335 28.3335 28.3335 28.3335 28.3335 28.3335 28.3335 28.3335 28.3335 28.3335 28.3335 28.3335 28.3335 28.3335 28.3335 28.3335 28.3335 28.3335 28.3335 28.3335 28.3335 28.3335 28.3335 28.3335 28.3335 28.3335 28.3335 54.3335 33.3335 43.3335 29.3335 28.3335 28.3335 28.3335 28.3335 108.333 28.3335 28.3335 80.3335 28.3335 28.3335 38.3335 28.3335 28.3335 140.333 28.3335 104.333 28.3335 38.3335 28.3335 28.3335 38.3335 28.3335 55.3335 28.3335 28.3335 28.3335 28.3335 28.3335 28.3335 28.3335 28.3335 28.3335 28.3335 28.3335 28.3335 28.3335 28.3335 28.3335 28.3335 28.3335 28.3335 28.3335 28.3335 28.3335 28.3335 28.3335 28.3335 28.3335 28.3335 262.333 1209.11 205.333 28.3335 28.3335 28.3335 28.3335 28.3335 28.3335 28.3335 34.3335 28.3335 28.3335 28.3335 28.3335 28.3335 28.3335 28.3335 28.3335 28.3335 28.3335 28.3335 28.3335 28.3335 28.3335 28.3335 28.3335 28.3335 28.3335 28.3335 28.3335 28.3335 28.3335 28.3335 28.3335 28.3335 28.3335 28.3335 28.3335 28.3335 28.3335 28.3335 28.3335 28.3335 28.3335 28.3335 28.3335 28.3335 28.3335 28.3335 28.3335 28.3335 28.3335 28.3335 28.3335 36.3335 28.3335 28.3335 28.3335 28.3335 28.3335 28.3335 28.3335 52.3335 28.3335 28.3335 28.3335 28.3335 28.3335 28.3335 28.3335 28.3335 28.3335 28.3335 28.3335 28.3335 28.3335 28.3335 28.3335 28.3335 28.3335 28.3335 28.3335 28.3335 28.3335 28.3335 28.3335 28.3335 28.3335 28.3335 28.3335 28.3335 28.3335 28.3335 28.3335 28.3335 28.3335 28.3335 28.3335 28.3335 28.3335 28.3335 28.3335 28.3335 28.3335 28.3335 28.3335 28.3335 28.3335 28.3335 28.3335 28.3335 28.3335 28.3335 28.3335 28.3335 28.3335 28.3335 28.3335 28.3335 28.3335 28.3335 28.3335 28.3335 28.3335 28.3335 28.3335 28.3335 28.3335 28.3335 28.3335 28.3335 28.3335 28.3335 28.3335 28.3335 28.3335 28.3335 28.3335 28.3335 28.3335 28.3335 28.3335 28.3335 28.3335 28.3335 28.3335 28.3335 28.3335 28.3335 28.3335 28.3335 28.3335 28.3335 28.3335 28.3335 28.3335 28.3335 28.3335 28.3335 28.3335 28.3335 28.3335 124.358 28.3335 28.3335 28.3335 28.3335 28.3335 28.3335 28.3335 28.3335 28.3335 28.3335 28.3335 28.3335 28.3335 212.333 28.3335 28.3335 28.3335 29.3335 28.3335 28.3335 28.3335 28.3335 28.3335 28.3335 28.3335 28.3335 28.3335 28.3335 28.3335 28.3335 28.3335 28.3335 28.3335 28.3335 28.3335 28.3335 28.3335 28.3335 28.3335 28.3335 28.3335 28.3335 28.3335 28.3335 28.3335 28.3335 28.3335 28.3335 28.3335 28.3335 28.3335 28.3335 28.3335 28.3335 28.3335 28.3335 28.3335 28.3335 28.3335 28.3335 28.3335 28.3335 28.3335 28.3335 28.3335 28.3335 28.3335 28.3335 28.3335 28.3335 28.3335 28.3335 28.3335 28.3335 28.3335 28.3335 28.3335 28.3335 28.3335 28.3335 28.3335 28.3335 28.3335 28.3335 28.3335 28.3335 28.3335 28.3335 28.3335 28.3335 28.3335 28.3335 28.3335 28.3335 28.3335 28.3335 28.3335 28.3335 28.3335 28.3335 28.3335 28.3335 28.3335 28.3335 28.3335 28.3335 28.3335 28.3335 28.3335 28.3335 28.3335 28.3335 28.3335 28.3335 28.3335 28.3335 28.3335 28.3335 28.3335 28.3335 28.3335 28.3335 28.3335 28.3335 28.3335 28.3335 28.3335 28.3335 28.3335 28.3335 28.3335 28.3335 28.3335 28.3335 28.3335 28.3335 28.3335 28.3335 28.3335 28.3335 28.3335 28.3335 28.3335 28.3335 28.3335 28.3335 28.3335 28.3335 28.3335 28.3335 28.3335 28.3335 28.3335 28.3335 28.3335 28.3335 222.333 374.333 28.3335 28.3335 28.3335 28.3335 28.3335 28.3335 28.3335 30.3335 28.3335 28.3335 28.3335 28.3335 31.3335 28.3335 28.3335 28.3335 28.3335 28.3335 28.3335 28.3335 28.3335 28.3335 28.3335 28.3335 28.3335 109.333 28.3335 28.3335 28.3335 182.333 28.3335 28.3335 28.3335 28.3335 28.3335 28.3335 33.3335 32.3335 28.3335 28.3335 28.3335 28.3335 28.3335 28.3335 28.3335 28.3335 28.3335 28.3335 28.3335 28.3335 28.3335 28.3335 43.3335 41.3335 52.3335 28.3335 28.3335 28.3335 28.3335 28.3335 28.3335 28.3335 28.3335 28.3335 28.3335 28.3335 28.3335 28.3335 28.3335 32.3335 33.3335 28.3335 28.3335 28.3335 28.3335 28.3335 28.3335 28.3335 28.3335 28.3335 28.3335 28.3335 28.3335 28.3335 28.3335 28.3335 28.3335 28.3335 28.3335 28.3335 28.3335 28.3335 28.3335 28.3335 28.3335 28.3335 28.3335 28.3335 28.3335 28.3335 28.3335 28.3335 28.3335 28.3335 28.3335 28.3335 28.3335 28.3335 28.3335 28.3335 28.3335 28.3335 28.3335 28.3335 28.3335 28.3335 28.3335 28.3335 28.3335 28.3335 28.3335 28.3335 28.3335 28.3335 28.3335 28.3335 28.3335 28.3335 28.3335 28.3335 28.3335 28.3335 28.3335 28.3335 28.3335 28.3335 28.3335 28.3335 28.3335 112.333 30.3335 28.3335 28.3335 28.3335 28.3335 28.3335 28.3335 28.3335 28.3335 28.3335 28.3335 28.3335 28.3335 28.3335 28.3335 28.3335 28.3335 28.3335 28.3335 28.3335 28.3335 28.3335 28.3335 28.3335 28.3335 28.3335 28.3335 28.3335 28.3335 28.3335 28.3335 28.3335 28.3335 28.3335 28.3335 28.3335 28.3335 28.3335 28.3335 28.3335 28.3335 28.3335 28.3335 28.3335 28.3335 28.3335 28.3335 28.3335 28.3335 28.3335 28.3335 28.3335 28.3335 28.3335 28.3335 28.3335 28.3335 28.3335 28.3335 28.3335 28.3335 28.3335 28.3335 28.3335 28.3335 479.333 28.3335 28.3335 28.3335 28.3335 30.3335 28.3335 28.3335 28.3335 28.3335 28.3335 28.3335 28.3335 28.3335 28.3335 28.3335 28.3335 28.3335 28.3335 28.3335 28.3335 28.3335 28.3335 28.3335 28.3335 28.3335 28.3335 28.3335 28.3335 28.3335 28.3335 28.3335 28.3335 28.3335 28.3335 28.3335 28.3335 28.3335 1015.33 28.3335 28.3335 28.3335 28.3335 28.3335 28.3335 28.3335 28.3335 28.3335 28.3335 28.3335 28.3335 28.3335 28.3335 28.3335 28.3335 28.3335 28.3335 28.3335 28.3335 28.3335 28.3335 28.3335 28.3335 28.3335 28.3335 28.3335 28.3335 28.3335 28.3335 28.3335 28.3335 28.3335 28.3335 96.3335 28.3335 28.3335 28.3335 28.3335 28.3335 28.3335 28.3335 28.3335 28.3335 28.3335 28.3335 28.3335 28.3335 28.3335 28.3335 28.3335 28.3335 28.3335 28.3335 28.3335 28.3335 28.3335 28.3335 28.3335 28.3335 42.3335 40.3335 28.3335 28.3335 28.3335 28.3335 28.3335 28.3335 36.3335 28.3335 28.3335 28.3335 28.3335 28.3335 28.3335 28.3335 28.3335 28.3335 28.3335 28.3335 28.3335 28.3335 28.3335 28.3335 28.3335 28.3335 28.3335 28.3335 28.3335 28.3335 28.3335 28.3335 28.3335 34.3335 47.3335 28.3335 28.3335 28.3335 28.3335 32.3335 28.3335 28.3335 28.3335 28.3335 28.3335 28.3335 28.3335 28.3335 28.3335 28.3335 78.3335 28.3335 28.3335 28.3335 28.3335 28.3335 28.3335 28.3335 28.3335 28.3335 28.3335 28.3335 28.3335 28.3335 28.3335 28.3335 28.3335 28.3335 28.3335 28.3335 28.3335 28.3335 28.3335 28.3335 28.3335 28.3335 28.3335 28.3335 29.3335 39.3335 28.3335 32.3335 40.3335 28.3335 28.3335 164.333 28.3335 28.3335 28.3335 28.3335 28.3335 28.3335 28.3335 28.3335 28.3335 28.3335 37.3335 28.3335 72.3335 64.3335 28.3335 28.3335 28.3335 28.3335 28.3335 28.3335 28.3335 28.3335 28.3335 28.3335 28.3335 62.3335 28.3335 40.3335 28.3335 28.3335 28.3335 28.3335 112.333 28.3335 28.3335 28.3335 28.3335 89.3335 28.3335 28.3335 28.3335 28.3335 28.3335 28.3335 28.3335 28.3335 28.3335 28.3335 28.3335 28.3335 28.3335 28.3335 28.3335 28.3335 28.3335 28.3335 28.3335 28.3335 28.3335 28.3335 28.3335 28.3335 28.3335 28.3335 28.3335 28.3335 28.3335 28.3335 38.3335 28.3335 28.3335 28.3335 28.3335 28.3335 28.3335 28.3335 28.3335 28.3335 28.3335 28.3335 28.3335 28.3335 28.3335 28.3335 28.3335 28.3335 28.3335 28.3335 28.3335 28.3335 28.3335 28.3335 
rewards of Offsets elements: 0 0 0 0 0 0 0 9 0 0 0 752 4 13 0 0 0 662 446 0 0 0 0 0 73 0 0 93 6 6 0 0 0 0 0 0 0 0 0 6 0 259 0 0 0 0 10 12 0 0 31 0 0 0 0 0 1203 385 0 210 0 1194 0 0 0 0 0 3 804 2 0 0 0 0 0 0 0 0 1 0 0 0 0 0 0 0 0 0 12 0 0 81 0 0 0 0 19 5 3 0 0 1089 0 497 0 0 0 0 0 0 0 0 0 0 0 0 0 0 0 0 0 0 0 0 0 0 0 0 0 0 0 0 0 0 0 0 6 135 0 95 116 98 0 2 243 0 6 245 0 0 0 0 0 0 0 5 0 0 0 884 0 0 0 4 0 69 0 0 0 0 0 0 0 0 0 0 0 0 0 10 0 0 0 0 0 0 0 0 30 0 0 0 0 0 0 0 0 0 0 0 0 0 0 0 0 0 1 12 0 0 0 9 28 0 0 789 0 0 0 215 22 0 32 0 0 0 6 0 21 0 2 198 273 0 0 0 0 0 0 0 0 0 0 0 0 0 0 0 15 4 94 0 0 0 112 0 0 0 27 0 0 0 0 0 0 0 0 14 0 0 0 0 0 0 0 0 0 0 0 0 0 0 0 0 1 0 0 0 0 0 0 0 16 0 0 0 0 2 0 0 0 0 0 0 0 0 0 0 0 0 0 0 0 44 0 0 0 142 0 0 0 0 0 0 0 0 0 0 0 0 0 8 0 0 0 0 0 0 0 0 0 0 0 0 0 0 0 0 0 0 0 0 0 595 0 0 0 223 0 0 0 2 0 0 0 0 0 0 0 0 0 0 0 0 0 56 89 4 0 0 27 0 50 0 0 0 418 50 0 0 0 15 17 0 0 40 49 0 0 0 0 147 1 0 0 0 0 0 215 245 0 0 0 0 0 0 0 0 0 0 0 0 0 0 184 0 0 0 0 0 0 0 0 0 0 16 32 0 0 0 0 0 0 0 0 0 0 0 0 0 313 0 50 0 0 0 0 0 0 0 0 0 0 0 0 0 0 0 0 0 3 0 0 0 0 0 0 0 0 0 0 0 0 0 0 50 0 1 8 14 50 0 26 0 0 0 0 0 0 0 0 8 0 256 0 141 0 0 0 0 19 0 0 0 0 0 0 0 0 0 0 0 0 0 0 0 0 0 0 0 0 60 0 0 0 0 0 0 0 15 0 0 0 0 0 0 0 0 0 0 0 0 0 26 0 0 0 0 0 0 0 0 206 3 2 0 0 0 0 0 0 2 10 0 0 0 0 0 0 0 0 0 0 0 0 0 0 0 0 0 0 0 0 0 156 60 0 0 0 0 101 0 0 0 0 0 0 0 115 0 0 0 0 0 0 32 0 0 0 0 0 13 0 0 0 0 0 0 18 0 0 0 0 0 0 0 0 0 0 0 0 0 0 0 0 0 0 0 3 0 1 0 0 6 11 12 0 11 0 21 9 241 0 0 0 0 0 0 5 0 0 0 0 0 26 0 13 133 0 2 0 0 0 0 0 0 0 0 0 240 0 0 0 0 0 0 0 0 0 0 0 0 0 0 6 0 14 270 0 0 0 0 0 0 55 0 0 208 0 0 0 0 0 0 12 3 0 23 35 401 0 0 0 0 403 66 0 0 0 375 46 94 0 0 0 0 0 226 24 369 239 0 0 0 0 2 0 0 7 3 0 0 0 0 4 0 0 0 0 0 0 0 0 2 0 0 0 0 0 0 0 0 0 0 0 0 0 0 0 0 0 0 343 10 1 0 0 0 159 147 0 0 0 0 0 0 0 0 0 0 0 0 0 0 0 0 0 0 191 51 13 0 0 0 0 147 0 0 0 0 0 0 0 0 0 2 0 0 0 0 0 0 0 0 0 0 0 0 0 0 0 12 0 0 0 0 0 0 75 0 0 0 1 0 0 0 0 0 1 0 6 0 0 0 0 0 0 0 42 4 0 0 0 0 14 0 0 0 0 0 0 0 0 0 0 0 0 0 0 801 0 650 0 0 0 0 0 0 2 4 0 0 0 0 0 0 0 0 0 0 0 0 0 80 0 0 0 0 0 0 0 0 0 0 0 0 0 0 0 73 0 0 0 0 0 0 0 0 5 0 0 0 0 0 0 0 72 0 0 0 0 0 0 23 0 0 0 0 0 0 0 0 0 0 0 0 0 0 0 0 25 0 0 10 0 0 0 0 0 0 132 0 0 0 0 0 0 0 0 0 0 0 161 0 0 0 0 462 0 0 0 0 0 0 0 0 0 0 0 0 0 0 0 0 0 0 0 0 0 0 0 3 0 3 0 0 0 0 0 0 0 0 0 0 0 0 0 12 0 0 0 112 0 0 0 0 0 0 0 0 0 0 0 0 0 0 0 0 0 0 0 0 0 0 563 0 0 0 0 0 0 0 0 0 0 0 0 0 0 0 0 0 0 0 0 0 0 0 0 0 0 0 0 0 0 0 0 0 0 0 0 0 8 0 0 0 0 0 0 0 0 0 0 0 0 0 0 0 0 0 0 0 0 0 0 0 0 0 0 1 2 0 0 8 0 0 0 0 0 0 0 0 0 0 0 0 0 0 0 4 0 0 0 0 0 0 0 0 0 2 0 0 0 0 0 0 0 72 57 1 5 424 0 9 0 0 0 0 0 0 0 0 0 0 0 0 0 0 0 0 0 0 0 0 0 0 0 0 0 0 0 0 0 0 0 0 0 0 0 0 0 0 0 0 0 0 0 0 0 0 15 0 7 0 0 0 0 0 0 0 0 0 0 0 0 0 0 0 0 0 0 0 0 0 0 0 0 0 0 0 0 0 0 0 0 21 0 0 0 0 0 0 0 0 0 0 0 70 0 0 0 0 0 0 0 0 0 0 0 0 0 0 0 0 0 0 0 2 2 0 8 0 1 0 1 33 0 2 0 0 0 0 0 0 0 0 0 0 0 0 0 0 0 0 0 0 0 0 0 0 0 0 0 0 0 0 0 0 135 9 69 0 42 0 0 0 0 1 0 0 18 1 0 0 0 0 0 0 0 0 0 0 0 0 0 0 0 0 0 0 0 0 0 0 0 0 0 0 0 0 0 3 0 0 34 0 0 0 0 0 0 0 0 0 0 0 0 0 0 0 0 0 0 0 0 1 0 0 0 0 0 0 0 0 0 0 0 0 0 0 0 0 0 0 0 0 0 0 0 35 0 0 0 0 0 0 0 0 0 0 0 0 0 0 0 0 0 0 2 0 20 0 0 0 0 0 0 0 0 0 4 75 0 0 0 0 51 0 0 0 0 0 0 0 0 0 10 58 42 14 0 0 0 2 189 0 26 12 0 0 0 0 0 0 0 0 0 0 0 0 0 0 0 0 0 0 0 0 0 0 0 0 15 0 0 0 0 0 0 0 0 0 0 0 0 0 0 0 0 0 0 0 0 0 0 0 0 0 0 0 0 0 54 0 0 0 0 0 36 0 0 0 0 0 0 0 0 0 0 0 0 0 0 0 0 0 0 0 0 0 0 0 0 0 0 0 0 26 5 15 1 0 0 0 0 80 0 0 52 0 0 10 0 0 112 0 76 0 10 0 0 10 0 27 0 0 0 0 0 0 0 0 0 0 0 0 0 0 0 0 0 0 0 0 0 0 0 0 0 0 234 1209 177 0 0 0 0 0 0 0 6 0 0 0 0 0 0 0 0 0 0 0 0 0 0 0 0 0 0 0 0 0 0 0 0 0 0 0 0 0 0 0 0 0 0 0 0 0 0 0 0 0 0 0 0 8 0 0 0 0 0 0 0 24 0 0 0 0 0 0 0 0 0 0 0 0 0 0 0 0 0 0 0 0 0 0 0 0 0 0 0 0 0 0 0 0 0 0 0 0 0 0 0 0 0 0 0 0 0 0 0 0 0 0 0 0 0 0 0 0 0 0 0 0 0 0 0 0 0 0 0 0 0 0 0 0 0 0 0 0 0 0 0 0 0 0 0 0 0 0 0 0 0 0 0 0 0 0 0 0 0 0 0 108 0 0 0 0 0 0 0 0 0 0 0 0 0 184 0 0 0 1 0 0 0 0 0 0 0 0 0 0 0 0 0 0 0 0 0 0 0 0 0 0 0 0 0 0 0 0 0 0 0 0 0 0 0 0 0 0 0 0 0 0 0 0 0 0 0 0 0 0 0 0 0 0 0 0 0 0 0 0 0 0 0 0 0 0 0 0 0 0 0 0 0 0 0 0 0 0 0 0 0 0 0 0 0 0 0 0 0 0 0 0 0 0 0 0 0 0 0 0 0 0 0 0 0 0 0 0 0 0 0 0 0 0 0 0 0 0 0 0 0 0 0 0 0 0 0 0 0 0 0 0 0 0 0 0 0 0 194 346 0 0 0 0 0 0 0 2 0 0 0 0 3 0 0 0 0 0 0 0 0 0 0 0 0 81 0 0 0 154 0 0 0 0 0 0 5 4 0 0 0 0 0 0 0 0 0 0 0 0 0 0 15 13 24 0 0 0 0 0 0 0 0 0 0 0 0 0 0 4 5 0 0 0 0 0 0 0 0 0 0 0 0 0 0 0 0 0 0 0 0 0 0 0 0 0 0 0 0 0 0 0 0 0 0 0 0 0 0 0 0 0 0 0 0 0 0 0 0 0 0 0 0 0 0 0 0 0 0 0 0 0 0 0 0 0 0 0 0 84 2 0 0 0 0 0 0 0 0 0 0 0 0 0 0 0 0 0 0 0 0 0 0 0 0 0 0 0 0 0 0 0 0 0 0 0 0 0 0 0 0 0 0 0 0 0 0 0 0 0 0 0 0 0 0 0 0 0 0 0 0 0 0 0 0 451 0 0 0 0 2 0 0 0 0 0 0 0 0 0 0 0 0 0 0 0 0 0 0 0 0 0 0 0 0 0 0 0 0 0 0 0 0 987 0 0 0 0 0 0 0 0 0 0 0 0 0 0 0 0 0 0 0 0 0 0 0 0 0 0 0 0 0 0 0 0 0 0 68 0 0 0 0 0 0 0 0 0 0 0 0 0 0 0 0 0 0 0 0 0 0 0 0 0 14 12 0 0 0 0 0 0 8 0 0 0 0 0 0 0 0 0 0 0 0 0 0 0 0 0 0 0 0 0 0 0 0 6 19 0 0 0 0 4 0 0 0 0 0 0 0 0 0 0 50 0 0 0 0 0 0 0 0 0 0 0 0 0 0 0 0 0 0 0 0 0 0 0 0 0 0 0 1 11 0 4 12 0 0 136 0 0 0 0 0 0 0 0 0 0 9 0 44 36 0 0 0 0 0 0 0 0 0 0 0 34 0 12 0 0 0 0 84 0 0 0 0 61 0 0 0 0 0 0 0 0 0 0 0 0 0 0 0 0 0 0 0 0 0 0 0 0 0 0 0 0 0 0 10 0 0 0 0 0 0 0 0 0 0 0 0 0 0 0 0 0 0 0 0 0 0 0 Printing Sanity3
offset_index value2434
offset list size2434
reward size2434
potential size2434
-----------------------------------------------------------------------------------------------------------------------------------------------------------------------------------------------------

DRAM Statistics
 CHANNEL 0
 RQ ROW_BUFFER_HIT:      65080  ROW_BUFFER_MISS:     259814
 DBUS_CONGESTED:         74
 WQ ROW_BUFFER_HIT:      26433  ROW_BUFFER_MISS:     201846  FULL:          0

 AVG_CONGESTED_CYCLE: 4
 All warmup complete: 2
Channel 0 Bank busy for read cycles: 0
Channel 0 Bank busy for write cycles: 0
Channel 0
Rank 0
0banks busy for read cycles: 618902651
0banks busy for write cycles: 86216
1banks busy for read cycles: 18835015
1banks busy for write cycles: 12113866
2banks busy for read cycles: 3345941
2banks busy for write cycles: 2931232
3banks busy for read cycles: 714879
3banks busy for write cycles: 997894
4banks busy for read cycles: 222303
4banks busy for write cycles: 379958
5banks busy for read cycles: 81482
5banks busy for write cycles: 151902
6banks busy for read cycles: 120678
6banks busy for write cycles: 90161
7banks busy for read cycles: 188153
7banks busy for write cycles: 156395
8banks busy for read cycles: 1427941
8banks busy for write cycles: 1942792

CPU 0 Branch Prediction Accuracy: 99.8298% MPKI: 0.297015 Average ROB Occupancy at Mispredict: 22.1573
Branch types
NOT_BRANCH: 165095755 82.5479%
BRANCH_DIRECT_JUMP: 1982982 0.991491%
BRANCH_INDIRECT: 12253769 6.12688%
BRANCH_CONDITIONAL: 11713939 5.85697%
BRANCH_DIRECT_CALL: 3467834 1.73392%
BRANCH_INDIRECT_CALL: 1009127 0.504563%
BRANCH_RETURN: 4476848 2.23842%
BRANCH_OTHER: 0 0%

DRAM PAGES: 1048576
Allocated PAGES: 5016
