
*** ChampSim Multicore Out-of-Order Simulator ***

Warmup Instructions: 50000000
Simulation Instructions: 200000000
Number of CPUs: 1
LLC sets: 2048
LLC ways: 16
Off-chip DRAM Size: 4096 MB Channels: 1 Width: 64-bit Data Rate: 6400 MT/s
CPU 0 runs traces/spec2k17/server_027.champsimtrace.xz
.xz
BTB has LRU replacement policy
ITLB has LRU replacement policy
DTLB has LRU replacement policy
STLB has LRU replacement policy
L1I has LRU replacement policy
L1D has LRU replacement policy
Initialize SRRIP state for L2C
Initialize DRRIP state for LLC
Offsets elements: 
Potential of Offsets elements: 
rewards of Offsets elements: 
Printing Sanity1
offset list size2336
Offsets elements: 
Potential of Offsets elements: 
rewards of Offsets elements: 114 0 4 0 957 1649 0 0 0 0 0 0 963 0 21 0 0 0 0 0 2381 1137 0 0 0 0 0 0 0 2700 4900 0 0 0 0 0 90 24 0 0 9 0 0 0 0 0 0 272 0 108 141 126 0 10 207 155 70 0 0 40 0 0 0 0 682 0 0 0 0 0 0 0 0 0 188 0 116 6 0 0 0 0 0 0 0 0 0 0 0 0 0 601 0 0 0 0 16 141 2 571 192 999 0 338 0 0 0 0 1449 10 0 0 15 287 1 0 0 0 0 0 0 265 0 0 0 240 0 104 0 41 0 0 0 0 0 0 0 0 0 0 0 0 0 0 0 0 0 0 0 0 0 0 0 0 0 0 0 0 0 0 0 0 0 7 0 538 2 0 0 46 0 5 13 1 0 0 0 0 52 108 0 0 0 0 57 10 70 1 0 0 0 0 0 4 0 660 15 0 0 2 0 0 0 0 0 8 0 0 0 0 0 0 55 0 0 0 702 0 550 0 0 0 12 0 0 0 0 0 1 5 4 0 0 0 0 0 0 0 0 0 3 0 0 0 0 0 0 0 36 0 0 0 8 0 1 158 0 45 0 0 8 9 2 0 0 0 0 0 0 1 0 0 0 0 0 11 0 0 0 0 0 0 0 0 0 0 0 0 0 0 0 141 0 0 21 0 0 0 0 5 0 0 0 0 0 0 0 0 0 0 0 0 0 0 144 0 0 0 0 0 0 623 0 0 0 0 0 0 0 0 0 0 0 0 0 0 0 0 0 0 0 0 0 0 0 0 0 0 0 0 0 0 133 0 0 0 0 0 0 0 0 0 0 0 0 114 0 0 0 0 0 0 0 0 132 0 0 0 0 0 0 0 0 0 0 0 0 0 0 0 0 121 8 32 0 0 0 0 21 171 43 0 152 0 24 0 1085 1 0 1 0 0 414 0 0 0 0 19 0 6 0 0 0 72 0 0 0 0 0 0 0 0 0 0 0 0 225 74 0 0 0 0 0 666 0 1 332 0 0 0 90 0 88 0 0 0 0 51 1 0 0 46 8 0 0 5 2 0 2 8 2 0 0 174 0 0 0 0 43 0 0 0 0 0 0 0 0 0 0 0 0 15 0 0 0 0 0 0 0 0 0 0 0 0 0 0 0 1 0 5 0 0 0 0 0 0 0 0 0 0 0 0 0 0 0 0 0 0 0 36 0 0 0 0 0 0 27 29 0 0 0 0 0 0 162 145 4 43 12 0 0 70 0 0 0 0 0 0 0 0 0 0 0 0 0 0 0 0 0 0 0 0 0 0 0 0 0 0 0 0 0 0 0 0 0 54 0 0 50 0 0 0 0 0 0 18 0 0 0 0 0 0 0 0 0 0 2 0 32 0 0 53 0 0 87 2 0 0 0 0 33 47 0 0 62 0 0 0 0 0 0 0 0 0 0 0 0 0 13 0 0 0 0 0 0 0 0 0 0 0 0 0 0 0 0 0 0 0 0 0 0 0 0 0 46 0 0 188 0 0 0 0 0 1 0 0 0 0 0 0 0 37 0 0 0 0 0 8 0 0 0 174 3 0 0 1 0 29 0 0 0 0 0 0 0 0 0 0 0 0 0 0 0 0 0 0 0 0 0 0 0 47 0 0 0 0 0 0 0 0 0 0 0 0 0 3 0 0 0 0 0 0 0 0 180 0 0 44 0 0 0 0 0 0 0 0 1 4 1 3 0 0 24 0 0 0 0 0 0 0 0 0 0 0 0 0 0 0 0 0 0 0 0 0 0 0 0 0 0 0 0 0 0 0 0 0 0 0 0 0 0 0 0 0 0 0 139 0 0 520 0 0 0 0 80 64 0 0 0 17 0 0 268 0 0 0 0 0 0 0 2 1 1 14 0 0 0 0 0 0 0 105 5 0 5 10 0 0 4 0 0 0 0 0 0 0 0 0 0 0 0 0 0 0 0 6 0 0 0 0 0 0 0 2 0 0 0 0 0 0 0 0 0 0 0 0 0 0 0 0 0 0 0 0 0 0 313 0 0 0 0 0 3 0 0 439 0 160 0 0 0 0 0 3 36 0 0 0 0 0 0 0 0 0 0 0 714 0 0 0 0 0 0 0 0 0 80 0 0 0 0 0 0 0 0 0 0 4 11 0 108 0 13 0 0 0 0 0 0 0 0 0 0 0 0 0 42 3 5 0 0 0 0 0 0 0 0 0 0 0 0 0 0 0 0 0 0 0 0 0 0 0 0 0 0 0 0 0 0 0 0 0 0 0 0 0 0 0 0 0 0 0 0 0 0 0 0 0 0 0 0 0 0 0 0 164 670 13 0 0 0 0 0 0 0 0 0 0 0 0 0 0 0 0 0 0 20 0 0 0 0 0 0 0 0 0 0 0 0 42 122 0 0 0 0 0 0 0 0 0 0 0 0 0 0 0 0 0 0 0 0 0 0 0 0 0 0 0 0 0 0 0 0 0 0 0 0 0 0 0 0 0 0 4 0 0 0 0 0 0 0 0 0 0 0 0 0 0 0 0 0 0 0 0 0 0 0 0 0 0 0 0 7 0 0 0 0 0 0 0 0 0 0 0 32 5 0 0 0 0 0 0 0 0 0 0 0 0 0 0 0 0 0 0 0 0 0 0 0 0 0 0 0 0 0 0 0 0 0 0 0 0 0 0 0 0 0 0 0 0 6 0 0 0 0 0 0 0 0 0 0 0 0 0 0 0 0 0 0 0 0 0 0 0 0 36 140 0 0 8 0 0 0 0 0 0 0 0 0 0 39 0 0 0 0 0 3 0 0 0 0 0 0 0 0 0 0 0 0 147 0 0 0 0 0 0 0 0 0 2 0 0 0 0 0 0 0 1 0 0 0 0 0 0 0 22 0 0 0 0 0 0 0 0 0 0 0 0 0 0 0 0 0 0 0 0 0 0 0 0 0 0 0 0 0 0 0 0 0 0 11 0 0 0 0 13 95 0 0 1 0 0 0 0 0 0 0 0 0 0 0 0 0 0 0 0 0 0 0 0 0 0 0 0 0 121 0 0 0 0 0 0 0 7 0 0 0 0 0 0 166 151 0 0 0 0 0 0 0 4 0 4 0 0 0 0 35 0 0 0 0 0 0 0 0 0 0 0 0 0 0 0 0 0 0 0 0 0 0 0 0 0 0 0 0 0 0 0 0 0 0 36 0 0 0 0 0 0 0 0 0 0 0 0 0 0 0 0 0 0 0 0 0 0 0 0 45 0 0 0 0 0 0 0 0 0 0 0 0 0 0 0 0 0 0 0 69 79 0 0 0 0 0 0 0 0 0 262 0 0 0 0 0 0 0 0 0 0 0 0 0 0 0 0 0 0 0 0 0 0 0 0 0 0 0 0 0 65 0 0 0 0 0 0 0 0 0 0 0 0 0 0 0 0 0 0 0 0 0 0 0 0 0 0 0 0 0 0 153 0 0 0 0 0 0 0 0 0 0 0 0 0 0 3 36 0 0 0 0 0 0 0 0 0 0 4 0 0 173 0 0 0 0 0 0 0 0 0 0 0 0 0 0 0 0 0 0 0 0 0 0 0 0 0 0 0 0 0 0 0 0 0 1 48 0 0 0 0 40 0 0 0 20 0 4 0 0 0 0 0 0 0 0 0 24 5 0 0 100 0 0 0 0 0 0 0 0 0 0 0 1 0 0 0 0 0 0 0 90 0 0 0 0 0 0 0 0 0 0 0 0 0 0 0 0 0 0 0 0 0 0 0 23 39 0 12 0 0 0 0 0 0 0 0 0 0 0 0 32 1 1 0 0 0 0 0 0 0 0 0 0 0 0 0 0 0 0 0 0 0 0 0 0 0 0 0 0 0 0 0 0 0 0 0 0 0 0 0 0 0 0 0 6 0 0 0 98 0 0 0 0 0 0 0 0 0 0 0 0 0 0 0 0 0 0 0 0 0 0 0 0 0 0 0 0 0 0 0 0 0 0 0 0 0 0 0 92 0 0 0 0 0 0 0 0 0 0 0 0 0 0 0 0 0 0 0 0 0 0 0 0 4 0 0 0 0 0 0 0 0 0 0 0 0 0 0 0 0 0 181 0 0 0 0 0 0 0 0 0 0 0 0 0 0 0 0 0 0 2 0 0 0 0 0 0 0 0 0 0 0 0 0 0 0 0 0 0 0 0 0 0 152 1 0 0 0 0 0 0 0 0 0 0 0 0 329 0 0 4 0 0 0 0 0 0 0 0 0 0 0 0 0 0 0 0 0 0 0 0 0 0 0 0 0 0 4 9 0 0 116 0 0 0 0 0 0 0 0 0 0 0 1 53 0 0 0 0 0 0 0 0 0 0 0 6 0 8 0 0 0 0 0 0 0 0 0 0 0 0 0 0 0 0 0 0 0 0 0 0 0 0 0 0 0 0 0 0 0 0 0 1 0 0 0 0 0 0 0 0 0 0 0 105 0 0 0 0 0 0 0 0 0 0 0 165 14 0 0 0 0 0 0 0 0 0 0 0 0 0 0 0 0 0 0 0 0 0 0 0 0 0 0 0 0 0 0 0 0 0 0 0 0 0 0 0 0 0 0 0 0 0 0 14 0 0 0 0 0 0 0 0 0 0 0 0 0 0 0 0 0 0 0 0 0 0 0 0 0 0 0 0 0 0 0 0 0 36 0 0 0 0 0 219 31 0 0 0 0 0 0 0 0 0 0 0 0 0 0 0 0 0 0 0 0 0 0 0 0 3 0 0 0 0 0 0 0 0 0 0 0 0 0 0 0 0 0 0 76 64 0 0 0 0 0 0 88 39 1 0 0 0 80 0 0 0 0 0 0 0 0 0 0 0 0 14 14 0 0 0 0 0 0 16 0 1 0 0 0 0 0 0 0 0 0 0 0 0 0 0 0 0 0 0 0 0 0 0 0 0 0 0 0 0 0 0 0 0 0 0 0 0 0 0 0 0 0 0 0 2 0 0 41 0 0 0 0 0 0 0 0 0 0 1 0 0 0 0 0 0 0 2 0 0 0 0 0 0 0 0 0 0 0 0 0 0 0 0 0 0 108 0 1 0 294 0 0 0 6 0 45 0 0 20 0 0 0 0 0 0 0 0 0 0 0 0 0 0 0 0 0 0 0 9 128 0 0 0 0 0 0 0 26 0 0 0 0 0 0 0 0 0 0 0 0 0 0 0 0 0 0 0 0 0 0 58 0 0 0 0 0 0 0 0 0 0 0 2 0 0 0 0 0 0 0 0 0 0 0 0 0 0 0 0 196 0 0 
Printing Sanity2
Heartbeat CPU 0 instructions: 10000000 cycles: 2846335 heartbeat IPC: 3.51329 cumulative IPC: 3.51329 (Simulation time: 0 hr 0 min 20 sec) 
Heartbeat CPU 0 instructions: 20000003 cycles: 5832576 heartbeat IPC: 3.34869 cumulative IPC: 3.42902 (Simulation time: 0 hr 0 min 40 sec) 
Heartbeat CPU 0 instructions: 30000001 cycles: 8813862 heartbeat IPC: 3.35426 cumulative IPC: 3.40373 (Simulation time: 0 hr 0 min 59 sec) 
Heartbeat CPU 0 instructions: 40000002 cycles: 11793073 heartbeat IPC: 3.35659 cumulative IPC: 3.39182 (Simulation time: 0 hr 1 min 19 sec) 
Heartbeat CPU 0 instructions: 50000002 cycles: 14780959 heartbeat IPC: 3.34685 cumulative IPC: 3.38273 (Simulation time: 0 hr 1 min 38 sec) 

Warmup complete CPU 0 instructions: 50000002 cycles: 14780959 (Simulation time: 0 hr 1 min 38 sec) 

Heartbeat CPU 0 instructions: 60000001 cycles: 46798198 heartbeat IPC: 0.312332 cumulative IPC: 0.312332 (Simulation time: 0 hr 2 min 15 sec) 
Heartbeat CPU 0 instructions: 70000000 cycles: 78649480 heartbeat IPC: 0.313959 cumulative IPC: 0.313143 (Simulation time: 0 hr 2 min 53 sec) 
Heartbeat CPU 0 instructions: 80000001 cycles: 110484653 heartbeat IPC: 0.314118 cumulative IPC: 0.313468 (Simulation time: 0 hr 3 min 30 sec) 
Heartbeat CPU 0 instructions: 90000001 cycles: 142633406 heartbeat IPC: 0.311054 cumulative IPC: 0.312861 (Simulation time: 0 hr 4 min 7 sec) 
Heartbeat CPU 0 instructions: 100000000 cycles: 174510296 heartbeat IPC: 0.313707 cumulative IPC: 0.31303 (Simulation time: 0 hr 4 min 44 sec) 
*** Reached end of trace for Core: 0 Repeating trace: traces/spec2k17/server_027.champsimtrace.xz
Heartbeat CPU 0 instructions: 110000000 cycles: 206354699 heartbeat IPC: 0.314027 cumulative IPC: 0.313195 (Simulation time: 0 hr 5 min 21 sec) 
Heartbeat CPU 0 instructions: 120000001 cycles: 238143725 heartbeat IPC: 0.314574 cumulative IPC: 0.313392 (Simulation time: 0 hr 5 min 57 sec) 
Heartbeat CPU 0 instructions: 130000000 cycles: 270110676 heartbeat IPC: 0.312823 cumulative IPC: 0.31332 (Simulation time: 0 hr 6 min 34 sec) 
Heartbeat CPU 0 instructions: 140000003 cycles: 302004644 heartbeat IPC: 0.313539 cumulative IPC: 0.313345 (Simulation time: 0 hr 7 min 11 sec) 
Heartbeat CPU 0 instructions: 150000001 cycles: 333846361 heartbeat IPC: 0.314053 cumulative IPC: 0.313415 (Simulation time: 0 hr 7 min 49 sec) 
Heartbeat CPU 0 instructions: 160000000 cycles: 365657904 heartbeat IPC: 0.314351 cumulative IPC: 0.3135 (Simulation time: 0 hr 8 min 25 sec) 
Heartbeat CPU 0 instructions: 170000000 cycles: 397599000 heartbeat IPC: 0.313076 cumulative IPC: 0.313465 (Simulation time: 0 hr 9 min 2 sec) 
Heartbeat CPU 0 instructions: 180000000 cycles: 429404237 heartbeat IPC: 0.314414 cumulative IPC: 0.313538 (Simulation time: 0 hr 9 min 40 sec) 
Heartbeat CPU 0 instructions: 190000001 cycles: 461305457 heartbeat IPC: 0.313468 cumulative IPC: 0.313533 (Simulation time: 0 hr 10 min 17 sec) 
Heartbeat CPU 0 instructions: 200000001 cycles: 493343726 heartbeat IPC: 0.312127 cumulative IPC: 0.313439 (Simulation time: 0 hr 10 min 53 sec) 
*** Reached end of trace for Core: 0 Repeating trace: traces/spec2k17/server_027.champsimtrace.xz
Heartbeat CPU 0 instructions: 210000000 cycles: 525094060 heartbeat IPC: 0.314957 cumulative IPC: 0.313533 (Simulation time: 0 hr 11 min 30 sec) 
Heartbeat CPU 0 instructions: 220000000 cycles: 556878940 heartbeat IPC: 0.314615 cumulative IPC: 0.313596 (Simulation time: 0 hr 12 min 7 sec) 
Heartbeat CPU 0 instructions: 230000000 cycles: 588853601 heartbeat IPC: 0.312748 cumulative IPC: 0.313549 (Simulation time: 0 hr 12 min 44 sec) 
Heartbeat CPU 0 instructions: 240000001 cycles: 620654915 heartbeat IPC: 0.314452 cumulative IPC: 0.313597 (Simulation time: 0 hr 13 min 21 sec) 
Heartbeat CPU 0 instructions: 250000000 cycles: 652428598 heartbeat IPC: 0.314726 cumulative IPC: 0.313653 (Simulation time: 0 hr 13 min 58 sec) 
Finished CPU 0 instructions: 200000002 cycles: 637647665 cumulative IPC: 0.313653 (Simulation time: 0 hr 13 min 58 sec) 

ChampSim completed all CPUs

Region of Interest Statistics

CPU 0 cumulative IPC: 0.313653 instructions: 200000002 cycles: 637647665
ITLB TOTAL     ACCESS:   34668462  HIT:   32643517  MISS:    2024945  HIT %:    94.1591  MISS %:    5.84089   MPKI: 10.1247
ITLB LOAD TRANSLATION ACCESS:   34668462  HIT:   32643517  MISS:    2024945  HIT %:    94.1591  MISS %:    5.84089   MPKI: 10.1247
ITLB PREFETCH  REQUESTED:          0  ISSUED:          0  USEFUL:          0  USELESS:          0
ITLB USEFUL LOAD PREFETCHES:          0 PREFETCH ISSUED TO LOWER LEVEL:          0  ACCURACY: -nan
ITLB TIMELY PREFETCHES:          0 LATE PREFETCHES: 0 DROPPED PREFETCHES: 0
ITLB PREFETCHES SAME FILL-ORIGIN LEVEL: 0 DIFFERENT FILL-ORIGIN LEVEL: 0
ITLB AVERAGE MISS LATENCY: 9.03701 cycles
ITLB RQ	ACCESS:   40885830	FORWARD:          0	MERGED:    5733820	TO_CACHE:   35152010

DTLB TOTAL     ACCESS:   46414182  HIT:   44588260  MISS:    1825922  HIT %:     96.066  MISS %:    3.93397   MPKI: 9.12961
DTLB LOAD TRANSLATION ACCESS:   46414182  HIT:   44588260  MISS:    1825922  HIT %:     96.066  MISS %:    3.93397   MPKI: 9.12961
DTLB PREFETCH  REQUESTED:          0  ISSUED:          0  USEFUL:          0  USELESS:          0
DTLB USEFUL LOAD PREFETCHES:          0 PREFETCH ISSUED TO LOWER LEVEL:          0  ACCURACY: -nan
DTLB TIMELY PREFETCHES:          0 LATE PREFETCHES: 0 DROPPED PREFETCHES: 0
DTLB PREFETCHES SAME FILL-ORIGIN LEVEL: 0 DIFFERENT FILL-ORIGIN LEVEL: 0
DTLB AVERAGE MISS LATENCY: 9.24598 cycles
DTLB RQ	ACCESS:   61075800	FORWARD:          0	MERGED:   14595412	TO_CACHE:   46480388

STLB TOTAL     ACCESS:    5956524  HIT:    5948342  MISS:       8182  HIT %:    99.8626  MISS %:   0.137362   MPKI: 0.04091
STLB LOAD TRANSLATION ACCESS:    3850866  HIT:    3842684  MISS:       8182  HIT %:    99.7875  MISS %:   0.212472   MPKI: 0.04091
STLB TRANSLATION FROM L1D PREFETCHER ACCESS:    2105658  HIT:    2105658  MISS:          0  HIT %:        100  MISS %:          0   MPKI: 0
STLB PREFETCH  REQUESTED:          0  ISSUED:          0  USEFUL:          0  USELESS:          0
STLB USEFUL LOAD PREFETCHES:          0 PREFETCH ISSUED TO LOWER LEVEL:          0  ACCURACY: -nan
STLB TIMELY PREFETCHES:          0 LATE PREFETCHES: 0 DROPPED PREFETCHES: 22063786
STLB PREFETCHES SAME FILL-ORIGIN LEVEL: 0 DIFFERENT FILL-ORIGIN LEVEL: 0
STLB AVERAGE MISS LATENCY: 60.4873 cycles
STLB RQ	ACCESS:   34186030	FORWARD:          0	MERGED:    3612885	TO_CACHE:   30573145

STLB Hit, L1D data hit: 0
STLB Hit, L2C data hit: 0
STLB Hit, LLC data hit: 0
STLB Hit, LLC data miss: 0
STLB STLB hints to L2: 0
L1D TOTAL     ACCESS:   61318333  HIT:   57383317  MISS:    3935016  HIT %:    93.5826  MISS %:    6.41736   MPKI: 19.6751
L1D LOAD      ACCESS:   34198107  HIT:   31393722  MISS:    2804385  HIT %:    91.7996  MISS %:    8.20041   MPKI: 14.0219
L1D RFO       ACCESS:   25014518  HIT:   23896134  MISS:    1118384  HIT %:    95.5291  MISS %:    4.47094   MPKI: 5.59192
L1D PREFETCH  ACCESS:    2105708  HIT:    2093461  MISS:      12247  HIT %:    99.4184  MISS %:    0.58161   MPKI: 0.061235
AGUS PREFETCH L1 MISS: 0
L1D PREFETCH  REQUESTED:   64661293  ISSUED:   64617485  USEFUL:          0  USELESS:      12249
L1D USEFUL LOAD PREFETCHES:          0 PREFETCH ISSUED TO LOWER LEVEL:      12247  ACCURACY: 0
L1D TIMELY PREFETCHES:          0 LATE PREFETCHES: 0 DROPPED PREFETCHES: 28229459
L1D PREFETCHES SAME FILL-ORIGIN LEVEL: 12247 DIFFERENT FILL-ORIGIN LEVEL: 0
L1D AVERAGE MISS LATENCY: 21.8348 cycles
L1D RQ	ACCESS:   47479335	FORWARD:          0	MERGED:   12854681	TO_CACHE:   34326128
L1D WQ	ACCESS:   26918036	FORWARD:     298526	MERGED:     168364	TO_CACHE:   26749672
L1D PQ	ACCESS:   34282321	FORWARD:          0	MERGED:    3947157	TO_CACHE:   30335164

L1D UNIQUE REGIONS ACCESSED: 0
L1D REGIONS CONFLICTS: 0
L1D Cross Page Prefetch Requests: 40851165
L1D Same Page Prefetch Requests: 0
L1D ROI Sum of L1D PQ occupancy: 1186223269
L1D PREFETCHES PUSHED FROM L2C: 0
L1I TOTAL     ACCESS:   39384550  HIT:   28808074  MISS:   10576476  HIT %:    73.1456  MISS %:    26.8544   MPKI: 52.8824
L1I LOAD      ACCESS:   39384550  HIT:   28808074  MISS:   10576476  HIT %:    73.1456  MISS %:    26.8544   MPKI: 52.8824
L1I PREFETCH  REQUESTED:          0  ISSUED:          0  USEFUL:          0  USELESS:          0
L1I USEFUL LOAD PREFETCHES:          0 PREFETCH ISSUED TO LOWER LEVEL:          0  ACCURACY: -nan
L1I TIMELY PREFETCHES:          0 LATE PREFETCHES: 0 DROPPED PREFETCHES: 0
L1I PREFETCHES SAME FILL-ORIGIN LEVEL: 0 DIFFERENT FILL-ORIGIN LEVEL: 0
L1I AVERAGE MISS LATENCY: 16.1878 cycles
L1I RQ	ACCESS:   57942325	FORWARD:          0	MERGED:   17056495	TO_CACHE:   40885830

BTB TOTAL     ACCESS:   30075446  HIT:   17377792  MISS:   12697654  HIT %:    57.7807  MISS %:    42.2193   MPKI: 63.4883
BTB BRANCH_DIRECT_JUMP	ACCESS:    2026968  HIT:    1138640  MISS:     888328
BTB BRANCH_INDIRECT	ACCESS:   11863620  HIT:    7044030  MISS:    4819590
BTB BRANCH_CONDITIONAL	ACCESS:    7648139  HIT:    6314464  MISS:    1333675
BTB BRANCH_DIRECT_CALL	ACCESS:    3599197  HIT:    1507522  MISS:    2091675
BTB BRANCH_INDIRECT_CALL	ACCESS:     669164  HIT:     263401  MISS:     405763
BTB BRANCH_RETURN	ACCESS:    4268358  HIT:    1109735  MISS:    3158623
BTB BRANCH_OTHER ACCESS:          0  HIT:          0  MISS:          0

L2C TOTAL     ACCESS:   39426416  HIT:   38183019  MISS:    1243397  HIT %:    96.8463  MISS %:    3.15372   MPKI: 6.21698
L2C LOAD      ACCESS:   13380861  HIT:   12350892  MISS:    1029969  HIT %:    92.3027  MISS %:    7.69733   MPKI: 5.14984
L2C DATA LOAD MPKI: 1.53956
L2C INSTRUCTION LOAD MPKI: 3.61028
L2C RFO       ACCESS:    1118384  HIT:     954928  MISS:     163456  HIT %:    85.3846  MISS %:    14.6154   MPKI: 0.81728
L2C PREFETCH  ACCESS:      12247  HIT:      11939  MISS:        308  HIT %:    97.4851  MISS %:     2.5149   MPKI: 0.00154
AGUS PREFETCH L1 MISS: 0
L2C DATA PREFETCH MPKI: 0.00154
L2C INSTRUCTION PREFETCH MPKI: 0
L2C WRITEBACK ACCESS:    1947770  HIT:    1904176  MISS:      43594  HIT %:    97.7619  MISS %:    2.23815   MPKI: 0.21797
L2C LOAD TRANSLATION ACCESS:       8789  HIT:       2877  MISS:       5912  HIT %:    32.7341  MISS %:    67.2659   MPKI: 0.02956
L2C TRANSLATION FROM L1D PREFETCHER ACCESS:   22958365  HIT:   22958207  MISS:        158  HIT %:    99.9993  MISS %: 0.000688202   MPKI: 0.00079
L2C PREFETCH  REQUESTED:          0  ISSUED:          0  USEFUL:        158  USELESS:        307
L2C USEFUL LOAD PREFETCHES:        158 PREFETCH ISSUED TO LOWER LEVEL:        308  ACCURACY: 51.2987
L2C TIMELY PREFETCHES:        158 LATE PREFETCHES: 0 DROPPED PREFETCHES: 0
L2C PREFETCHES SAME FILL-ORIGIN LEVEL: 0 DIFFERENT FILL-ORIGIN LEVEL: 0
L2C AVERAGE MISS LATENCY: 39.4224 cycles
L2C RQ	ACCESS:   37466398	FORWARD:          0	MERGED:          0	TO_CACHE:   37466398
L2C WQ	ACCESS:    1947770	FORWARD:          0	MERGED:          0	TO_CACHE:    1947770
L2C PQ	ACCESS:      12247	FORWARD:          0	MERGED:          0	TO_CACHE:      12247

L2C Instructions Evicting Data 264384
L2C Translations Evicting Data 4006
L2C Data Evicting Data 229986
L2C Instructions Evicting Instructions 455662
L2C Translations Evicting Instructions 1995
L2C Data Evicting Instructions 237727
L2C Instructions Evicting Translations 2010
L2C Translations Evicting Translations 69
L2C Data Evicting Translations 3964
L2C Dense regions hint from L2: 0
PSCL5 TOTAL     ACCESS:   21578400  HIT:   21578400  MISS:          0  HIT %:        100  MISS %:          0   MPKI: 0
PSCL5 LOAD TRANSLATION ACCESS:       8182  HIT:       8182  MISS:          0  HIT %:        100  MISS %:          0   MPKI: 0
PSCL5 TRANSLATION FROM L1D PREFETCHER ACCESS:   21570218  HIT:   21570218  MISS:          0  HIT %:        100  MISS %:          0   MPKI: 0
PSCL5 PREFETCH  REQUESTED:          0  ISSUED:          0  USEFUL:          0  USELESS:          0
PSCL5 USEFUL LOAD PREFETCHES:          0 PREFETCH ISSUED TO LOWER LEVEL:          0  ACCURACY: -nan
PSCL5 TIMELY PREFETCHES:          0 LATE PREFETCHES: 0 DROPPED PREFETCHES: 0
PSCL5 PREFETCHES SAME FILL-ORIGIN LEVEL: 0 DIFFERENT FILL-ORIGIN LEVEL: 0

PSCL4 TOTAL     ACCESS:    4588307  HIT:    4588242  MISS:         65  HIT %:    99.9986  MISS %: 0.00141664   MPKI: 0.000325
PSCL4 LOAD TRANSLATION ACCESS:       7183  HIT:       7118  MISS:         65  HIT %:    99.0951  MISS %:   0.904914   MPKI: 0.000325
PSCL4 TRANSLATION FROM L1D PREFETCHER ACCESS:    4581124  HIT:    4581124  MISS:          0  HIT %:        100  MISS %:          0   MPKI: 0
PSCL4 PREFETCH  REQUESTED:          0  ISSUED:          0  USEFUL:          0  USELESS:          0
PSCL4 USEFUL LOAD PREFETCHES:          0 PREFETCH ISSUED TO LOWER LEVEL:          0  ACCURACY: -nan
PSCL4 TIMELY PREFETCHES:          0 LATE PREFETCHES: 0 DROPPED PREFETCHES: 0
PSCL4 PREFETCHES SAME FILL-ORIGIN LEVEL: 0 DIFFERENT FILL-ORIGIN LEVEL: 0

PSCL3 TOTAL     ACCESS:    4588463  HIT:    4588398  MISS:         65  HIT %:    99.9986  MISS %:  0.0014166   MPKI: 0.000325
PSCL3 LOAD TRANSLATION ACCESS:       7339  HIT:       7274  MISS:         65  HIT %:    99.1143  MISS %:   0.885679   MPKI: 0.000325
PSCL3 TRANSLATION FROM L1D PREFETCHER ACCESS:    4581124  HIT:    4581124  MISS:          0  HIT %:        100  MISS %:          0   MPKI: 0
PSCL3 PREFETCH  REQUESTED:          0  ISSUED:          0  USEFUL:          0  USELESS:          0
PSCL3 USEFUL LOAD PREFETCHES:          0 PREFETCH ISSUED TO LOWER LEVEL:          0  ACCURACY: -nan
PSCL3 TIMELY PREFETCHES:          0 LATE PREFETCHES: 0 DROPPED PREFETCHES: 0
PSCL3 PREFETCHES SAME FILL-ORIGIN LEVEL: 0 DIFFERENT FILL-ORIGIN LEVEL: 0

PSCL2 TOTAL     ACCESS:      13730  HIT:      13249  MISS:        481  HIT %:    96.4967  MISS %:    3.50328   MPKI: 0.002405
PSCL2 LOAD TRANSLATION ACCESS:       8182  HIT:       7701  MISS:        481  HIT %:    94.1212  MISS %:    5.87876   MPKI: 0.002405
PSCL2 TRANSLATION FROM L1D PREFETCHER ACCESS:       5548  HIT:       5548  MISS:          0  HIT %:        100  MISS %:          0   MPKI: 0
PSCL2 PREFETCH  REQUESTED:          0  ISSUED:          0  USEFUL:          0  USELESS:          0
PSCL2 USEFUL LOAD PREFETCHES:          0 PREFETCH ISSUED TO LOWER LEVEL:          0  ACCURACY: -nan
PSCL2 TIMELY PREFETCHES:          0 LATE PREFETCHES: 0 DROPPED PREFETCHES: 0
PSCL2 PREFETCHES SAME FILL-ORIGIN LEVEL: 0 DIFFERENT FILL-ORIGIN LEVEL: 0

LLC TOTAL     ACCESS:    1422151  HIT:    1342477  MISS:      79674  HIT %:    94.3976  MISS %:    5.60236   MPKI: 0.39837
LLC LOAD      ACCESS:    1029969  HIT:     998403  MISS:      31566  HIT %:    96.9352  MISS %:    3.06475   MPKI: 0.15783
LLC RFO       ACCESS:     163456  HIT:     116495  MISS:      46961  HIT %:    71.2699  MISS %:    28.7301   MPKI: 0.234805
LLC PREFETCH  ACCESS:        308  HIT:        304  MISS:          4  HIT %:    98.7013  MISS %:     1.2987   MPKI: 2e-05
AGUS PREFETCH L1 MISS: 0
LLC WRITEBACK ACCESS:     222348  HIT:     221550  MISS:        798  HIT %:    99.6411  MISS %:   0.358897   MPKI: 0.00399
LLC LOAD TRANSLATION ACCESS:       5912  HIT:       5575  MISS:        337  HIT %:    94.2997  MISS %:    5.70027   MPKI: 0.001685
LLC TRANSLATION FROM L1D PREFETCHER ACCESS:        158  HIT:        150  MISS:          8  HIT %:    94.9367  MISS %:    5.06329   MPKI: 4e-05
LLC PREFETCH  REQUESTED:          0  ISSUED:          0  USEFUL:          0  USELESS:         22
LLC USEFUL LOAD PREFETCHES:          0 PREFETCH ISSUED TO LOWER LEVEL:          4  ACCURACY: 0
LLC TIMELY PREFETCHES:          0 LATE PREFETCHES: 0 DROPPED PREFETCHES: 0
LLC PREFETCHES SAME FILL-ORIGIN LEVEL: 0 DIFFERENT FILL-ORIGIN LEVEL: 0
LLC AVERAGE MISS LATENCY: 163.017 cycles
LLC RQ	ACCESS:    1199495	FORWARD:          0	MERGED:          0	TO_CACHE:    1199495
LLC WQ	ACCESS:     222348	FORWARD:          0	MERGED:          0	TO_CACHE:     222348
LLC PQ	ACCESS:        308	FORWARD:          0	MERGED:          0	TO_CACHE:        308

LLC Dense regions hint to LLC: 0

RAW hits: 1431471
Loads Generated: 48910806
Loads sent to L1D: 47479335
Stores Generated: 26918028
Stores sent to L1D: 26918036
Major fault: 0 Minor fault: 2582
Allocated PAGES: 2582
ucb ended
-----------------------------------------------------------------------------------------------------------------------------------------------------------------------------------------------------
Offsets elements: 20623 -20623 111 1465993385959 1 -1 2604102 -2604101 196 -197 -1465993386071 1465993386076 -4 -1465993364492 1465995968591 -2604099 -1465993315535 1465993315544 -1465993356544 1465993356541 3 -3 -1465993364510 48970 1465993315540 93 -1465993386172 1076557 1465994913615 -1465995990172 1465995990172 -2604092 -1465992310688 -1075392 1040233 1465994949939 -1465995969549 -20512 1465993386157 -1465993364687 48956 -70426 29627 -29738 1465993386074 2604098 -1465994914781 -1075391 21571 48972 1465995919629 -1465995919628 -49921 -21470 70426 -70537 29537 1045854 1465994914781 21569 -49916 1465995969549 -2603904 -1465993386157 -111 1465993386075 -1465993364493 -1465994914782 -1045853 -7968 -70539 70539 127499 -197929 1465995990061 -1465995968591 -21581 1465993386268 2603904 -1465995919635 -11355 1171459 -1130444 -9148 177417 -176471 109950 -180490 -1465996000902 1050134 106469 5 -920325 -225548 -1465995789596 23872 921428 10 -920334 11 -7 6 920325 -5 -920328 -1140 1144 -25045 -2 75 876137 -852199 1032 8 842862 -867915 936698 -911720 852674 1465992307836 -1465992240188 -6 -920319 813847 -1039404 -1465995968607 15825 5744 1465995919633 -1465994829957 -1159965 1039154 117946 -1157350 1465993386073 2604099 -2604100 -1465992218098 1465992218099 -1465993386073 21470 -1465993350022 161989 1465995792133 -1465995792134 1465993188036 -1465993364505 -70540 -48956 36084 1465995954088 -1465994914783 -1053819 1075930 -989021 989048 1465992239576 1125876 1465992239769 1146472 -1075935 1124892 1465994843699 29744 1465993356524 -11 -49918 36000 1465995954172 -1465994843700 -1146226 21323 48969 1075934 1465992239602 -1465993386074 36005 1465995954167 1465995968603 -1465995919634 -70427 20512 958 1465993364687 -1465993386268 29633 1465995960428 1097503 -92623 -1080102 4718 1075386 -1075384 20586 -1465992218224 1465994822128 1066696 -1107626 -29606 157333 1465995832728 21459 14435 34536 -49919 1465993364699 -1465994852942 -1066693 -70538 -1465994822127 -1146464 29675 -29786 1116607 1465994852942 -1465993364699 -21569 70537 2 1465993365645 -1465993356350 1465995960446 21570 1465995919630 192 -40751 -180 -8037 -48969 1465993315563 -27 -1465993386078 1465993386103 2604069 -1465995973296 1106 1057421 -1075403 -1465994913618 -1076316 1076317 -919981 919981 -1076555 1076555 1465994913617 -1465995833284 919667 1465992309547 -1465993230908 -155194 -1465995989454 -11204 10772 1465995931508 -8 58386 -4961 -53071 -2546066 30 -1465992309547 -1246700 1465993556221 -1465993386076 -2604096 -1465993385829 155842 1465993230133 -149 -1465993229964 -2932031541360 2932031541359 1465993229964 -1465992314438 23 1465992314415 -1465993385833 1465993385836 -1465992314418 1465992314418 1465992314414 -1465992310669 -918828 915086 1465992314402 -1465992314410 1465992314410 -1465993502898 117077 155841 -156088 -2604102 33 28 -1465993386104 -1465994914658 -1086799 1086799 44 -1086844 1465993397359 -1465992310554 -1086801 27995 1058806 -1075267 1465993385975 -1465993226626 915923 -1075271 159348 1465993226476 -1465993369365 1058810 1465992310560 -1465992310555 1465992310555 -1465992310537 1465992310538 -1465992310553 1465992310553 -1465992310552 1465992310552 -1465992310551 1465992310551 -1465992310549 1465992310549 -1465992310548 1465992310547 -1465992310545 1465992310544 -1465992310542 1465992310542 -1465992310541 1465992310541 -1465992310540 1465992310540 -1075535 -2604069 -1465992310589 11285 -1465992310556 -1058809 -11534 170883 1465993226626 -1465992310704 -1075270 1465993226475 1058809 1465992310559 19 1465992310537 1465992310548 -1465992310547 1465992310545 -1465992310544 -1465992310536 2604100 -2604068 -1465992310590 -1086800 1086800 -1075514 16708 -27993 1465996001457 1075514 1465994914658 -1465994914656 1465993397358 -1465993369364 1058808 -1075269 1075267 1465993226473 153 -1465993385974 1075268 -915920 1465993226474 1058851 -43 -1058646 -16591 17865 1465993367926 -1465993386070 1465992310558 -1465992310557 21 1465992310536 1465992310554 -1465992310550 1465992310550 -1465992310546 1465992310546 -1465992310543 1465992310543 -1465992310539 -1465992310535 1465993386072 2604101 -30 31 -1465992310558 -1058807 1058807 152 -915919 -1465992310559 22 1465992310556 -2604098 -1465993369395 1058696 110 -1086798 29 -1465992310699 71058 -1157179 10717 1146462 1465994843710 -1465994950768 -813853 -225551 225548 1465995764624 -1465995764620 -1104 -427 -62802 64329 -1465995765728 -224444 -1465995996146 231522 -1147 124 1017 4 -1142 1148 -12 1145 1465993160512 -1465993386067 1465993386069 2604104 -1465995971965 -51 -18156 -1465993188121 1465993188125 2604096 -1465993367919 1465993367924 -1465993386082 1465993386079 26 2604067 -2604095 -1465993385837 1465993385933 -49 49 56 -64 -1465992182978 1465992182977 9 -1465992309561 -1076554 -1465995989886 345 58033 -2599107 -2604067 -1465992309550 -1159 -918829 -138592 1058572 -919666 919666 170392 -118 -1465992310701 -479 1465993230015 -1465993385856 1465993230017 -1465992309545 1465992309548 -1465992309552 -1152 -1058527 1059678 -1059683 1059681 -1059680 1059680 -1465993386105 1465993386127 40 2604005 64 -1465992310767 314 -1693 920207 1465992310764 -1465993397520 216 1086541 -1075404 -1465996001455 1086797 -1086845 1086822 -133 -139366 1126179 -1125420 138921 -156891 -1465996001066 11005 160894 -161005 -10838 1465996001010 -1465993364701 -48965 48977 -70549 -1465994914514 -1058788 -1045 -15573 -252 -1465995990061 -48972 -5740 -15825 -48970 -1465994949940 -1040232 15714 -1465995968606 1465995968606 -2604011 -1465993315618 1072859 -1143402 -1465994949939 -1040122 -1465993370443 5741 1465993315624 -1465993315619 1465993364593 -1465992310461 67707 -67708 1465992310462 -1465993365542 -1465993356530 40799 1465993386160 -1465993386162 49920 -70432 70433 1465993315724 -1465993364697 2604008 1465993386163 -1465993364584 1143387 -1113850 1465995960635 -1465995968603 1004865 254 -23 -1086967 1086988 -35471 29738 1045964 1465994914470 -21460 70432 1465995919628 1465993356628 -1465993385913 1465995989920 -11319 -1465995957284 1465993315626 -1465992310483 -1075682 8025 1465993386167 -1465995968600 1004856 1157179 -1146462 -2604012 -1465992239698 -1146463 1465992239703 2604007 -4972 4972 1100 224444 1465995765728 -2604014 -1465993160610 1465993160611 -1465993161753 1465993161753 -1465992907175 -253437 -1465993160601 1465993160607 -1465993160606 -1465993160605 1465993160606 -1465992351729 1465992351731 -1465992351731 4970 -1039400 244 1034185 1465992351790 -59 -1465992351730 -1034430 1465993386161 -1465993385916 1039155 -4971 -1034431 -2599049 2604010 -2604010 -1465993205216 -19983 19984 1465993205222 -1465993396698 1465993396697 -1034432 1465993386165 2604009 -2604008 8163 -29744 1465993386164 -1465993364594 1465995968602 -1465995919632 1004864 -1004863 1004862 -1465995835048 1191 920251 -920253 919089 -919088 919090 -919089 919091 -919090 919092 -919091 920253 919093 -919092 920244 1465993386162 -1465993350078 1465993350079 -1465995968602 1054991 -1006018 1006017 1465992309609 -1465992310760 -919094 -156310 -1465992310762 -40929 -29608 1465993386166 -1465993364596 48975 1465995919626 -2604005 -1465993365544 -1465993364585 -2604000 -1465993356566 1465993356566 -1465993364599 1465993364602 -1465993315631 -52071 162012 -180479 199589 -181150 -18443 160042 918 -918 -163525 202288 -209353 1465996000720 -1465995830130 -163524 1465993389649 -1465993386164 198802 -198805 -1465993315623 -48971 -1465994950777 -1039395 -1465995990169 1465993187360 -1465993386165 879353 1465992346770 -1465994950776 198805 1465993187361 -1465993187361 1465995791367 -1465993386170 160960 1465995829212 -10548 1465993396718 2604002 160961 1465995829211 286 1465995931853 -1465995942688 1465996000721 -53416 58378 -2604009 -1465992346771 -840590 840590 -879350 879350 68372 -1107766 -1465995990137 1039360 1465992346777 -1465992183042 -1185156 1021421 1465995830130 1203130 1465994787042 -2604016 -1465992183034 -124203 -1089446 28991 181292 -199484 1465995935524 -2549583 -62 288223780712126876 -10602843 -2200619018079 2200619018079 111313 201044 -252523 252523 -636403 514055 122349 -12888100 12765749 -2200619173533 2200619254992 -2200619148268 2200618876776 271494 -271494 312377 7 10290184 -10331065 -2200619141904 2200619141917 -16 18 -25 40888 -40866 -13 40891 -40888 17 -89509 89504 -2200619148334 2200619148329 40866 -2200619296070 2200619255193 14 -267401 267399 -40877 40879 -40881 40885 -40887 -2200619148267 2200619148292 -40883 16 -14 -35890 35890 -2200619148266 -23743 -235 2200614636860 4576267 10292359 -10342222 49846 -49862 -2200619120812 2200614594396 14868639 -14868639 4576277 -43055 43054 -43150 -3744293396 3744336549 -3744336549 3739760268 -3739760268 3744293518 -6832 49859 2200619139289 49862 -40878 -8985 9002 -9002 8983 -2200619172845 2200619163841 8982 -2200619148270 2200619148289 -2200619172030 2200619172027 -2200619172834 2200619213703 -40863 40870 -49870 49865 -49866 -49863 8985 40884 -288225246694019447 288225246694019429 -10 -49864 9005 -9005 49872 40883 -9003 -2200619163031 2200619172014 -9 -2200619172015 36 2200619171979 40874 -40876 9000 9003 -9001 -18 -8984 -2200619163030 2200619172012 40876 -49861 -2200619161178 2200619211037 -2200619213697 2200619172838 -9000 9004 40854 -49857 6832 -6827 49856 -49856 6831 49857 -49855 8997 -19 -8980 49854 -49853 8981 -8982 8980 -8979 -8976 8995 40858 -8983 -22 -2200619172011 13 -40855 -2200619172026 2200619172030 -2200619255056 2200619255040 -8986 49853 8993 -8992 8998 -2200619172843 2200619172834 -2200619171989 2200619171993 -2200619172836 2200619213697 -40862 -8993 8996 -8995 8976 -26919 35915 -8994 8992 2200629588986 -10333935 -8987 -89491 -2200619058822 2200619058823 130364 -308249 231494 26904 -89499 80513 -2200619246211 2200619255197 89495 -2200619255199 2200618987814 258398 -26910 33739 2146 6804 43045 -76731 26880 -80512 50650 29861 8977 43044 -79713 29859 43046 -49852 -2200619163179 162 2200619163016 -6805 49844 -2200619213029 2200619213032 -293349 243501 -2200619163164 2200619169968 -33669 33669 -2200619252923 2200619295962 -49844 49848 -49847 -2200619163017 43038 -2200619213009 2200619163164 -2200619213034 2200619213034 -2200619213030 -657 2200619213691 -241723 241723 6176 -6176 6177 -6180 6179 -2200619219188 -262518 312365 -49220 49218 -2200619302142 2200619252921 49221 -49221 56025 -56025 6805 49219 -73988 67806 6182 -6182 6183 43039 -43039 -76705 76706 -76707 82885 -318540 10602568 -2200629472974 2200619182764 6185 -2200619219868 2200619163843 -17963 67803 6178 -6178 -79709 11230 68480 -49851 49851 -43047 -33716 76762 49850 -43046 -269322 1922 -10335168 -35868 35868 -15970 -2200619104811 2200619104827 -249254 249254 59007 -59007 9158 -9158 -2200619154468 2200618901109 253359 -72465902696 -2128153251156 2200629503060 2200619182770 10292126 -10292126 -68479 68479 -80511 80511 -26918 -53594 10342923 -10369804 -2976 29857 67813 -79707 29855 -82889 76712 -79705 79705 89487 80512 -258396 -2200618987814 2200619219301 -53603 -2200619058824 2200619058822 -2200619165698 2200618987806 258405 6830 -6830 -177894 258406 262518 -2200619058744 2200619146060 -668073 668074 -668072 450662 217411 -6828 269346 -265234 258404 -80510 10340050 -10598450 308244 -308250 10598456 -10504416 10506327 -10363713 21750 -265239 258410 -258407 258407 -2200619253462 2200619253461 49843 -49843 49845 -43016 94047 -10341966 -2200619163264 2200618904855 258411 -258406 -2200618995055 40862 -265207 265207 -308240 258397 -29583 10369634 -2200629503697 2200619163645 10342079 -10600490 10600490 -2200629505334 2200629503312 2200629475001 -10292237 10293073 -10293073 -214207 10507278 -10293070 10292120 -10600374 -4107 312363 10290204 2200629472974 2200629473275 -10602869 -11565544 -2200617938350 30920 2200618870406 -10602568 10602871 -2200629504297 100 614 2200629505302 -10292229 10292234 -2200629505302 10292237 -10342077 -258410 10600482 -10292234 -49838 -2200619163267 2200619163265 258412 -258400 258402 241 2200619212863 6828 -2200619163024 2200619163025 -258397 231478 26919 10342921 -10342922 -6804 -33724 33748 -24 10342926 -10342925 -26879 -2984 29863 43031 -79701 79698 -49837 10369792 -10293097 -79696 29862 -26909 26909 6806 -87317 -265202 231516 8248 68467 -76746 76745 -49833 49833 -43029 10604490 -10371036 10369114 -10349216 15970 -15954 -249248 249249 -2200619104812 2200619104813 58995 -58995 -2200619154463 2200619163626 -9163 -72465902690 72465902690 -2200619153847 2200629504982 -10292143 -312349 312350 -18633 74658 -85878 11890 17963 -29853 85878 -85876 85876 -2987 79684 -2200619120896 -48975 -82959 2200619246026 231477 26921 -10336116 -6807 -80514 87318 -177886 265202 -2200619169839 -2200619163931 3600006 2200615514884 49041 -49046 6018 -6007 -792 314420 -82872 26850 791 49038 -49829 49831 -49043 10339264 -10339262 -788 805 -805 6829 -6023 -17 6016 -2200619169835 2200619163838 -807 -6014 130340 -49021 789 -18732 67769 -67769 64730 3035 -313616 -26 15 313630 -313640 -2200618899827 2200629503697 2200629504003 -3072 1652 35 -10602774 -15 10602789 -2200629502605 2448 2200619211004 10289150 -10289149 -2200619213448 2200618899821 10602777 -10602788 -2200619014210 2200619014224 208093 10394693 -10602734 208042 -208042 313555 -313561 310800 2762 -2200619210952 2200619210951 -313633 151706 56387 10394690 -10602787 208094 -208094 -2200618897763 2200618897769 10604168 -10396076 -208093 -208092 208095 -208068 10602723 37 -10602790 208065 -2200619107925 2200619213466 10288928 -10394469 -2200618897780 2200619105873 105541 -105541 242329 10360423 -10360420 10360453 -10360453 10360422 -10360423 -34236 34236 -34235 34234 -1250399 1250399 -10360456 -10360424 71302 -71304 -10360422 10360425 -10360426 10360421 -10289118 -71303 -10289152 -4557708 4557708 10602787 -2200629616996 2200619014261 10602735 -2200629500565 2200618897832 208041 -208044 -52 52 208096 313635 -10602735 313587 -313638 10602790 -2200629616999 2200619327848 10289148 -35 -10602729 313617 -67768 67770 -49025 -81304 -2200619083330 -82368 2200619247014 -2200619164449 2200629501191 -10336742 49024 10287719 -49024 10287718 2506 2200619213473 10292216 -10292216 -2200619213472 10336742 3072 -2200629504460 2200629504460 -10339814 10290790 10339814 -10290788 10290788 -10290789 -49041 49042 -76750 10369841 -10293089 10292235 -10292236 -2200619213684 2200619213687 10292229 10292112 -10292114 -312359 10604578 -10292217 10290207 312361 -312361 312364 -312364 -49860 9009 2200619172833 40864 -35894 76775 -72465920884 72465920884 40859 12 -2200619172036 -2200619172833 40865 -40856 -2200619172031 2200619172031 2200619172823 40873 -12888090 12888090 -312376 -40882 2200619148273 40880 2200619182782 -12888099 12765748 122350 -312382 312391 -288223780701836361 -63 -1465993186389 1465993186389 -1465993386129 1203095 -1185157 1465993368190 1465992183033 -1465993386163 -1465993386159 -2604006 -1049944 1049944 -1039392 29424 -29535 48971 -1465993315626 1465993315625 -2604003 -1203130 -21469 29743 21451 7405 8579 56661 -90589 5365 8578 -90590 -23509 23508 1465993348602 -1465993364586 15985 1465993348600 -1465993291938 -70605 13943 -1465993348923 -37131 21450 -21562 2604006 -1465993386169 180372 1465995809689 -958 36050 163543 1465995790579 -1465995990168 21566 138472 -89502 18443 -21926 1465995993655 -1465995830128 -160960 -160039 -3485 3482 21454 -54712 70540 1465993364594 1465995990169 -1465995791367 1039395 -1465993226124 -2604007 -1465993386166 -2604002 171509 -10549 10835 1465995989886 -58033 53072 947723 -68370 -1039396 39532 -1089444 10517 1078929 1465994911243 -1465995971698 -78 288223780712126892 -2200629620922 -111313 -51478 -383880 122347 -122347 122348 -122348 122346 -12888097 12888100 -122351 2200606407784 12847208 2200619148271 -271495 -10290191 -2200619182783 2200619182784 -40886 -20 -312380 271495 40869 -40865 2200619212893 -40869 40881 -251935 251936 -271493 -312377 10602542 -2200618901129 2200629505670 -10292202 10290763 -10290762 10292155 -10604561 10604561 -2200629505677 2200619211035 10292192 -10292191 10292191 -2200629505670 2200618901121 -2200619015510 2200619015512 54224 10550337 -10604558 54221 -54222 312362 -313116 -2200618897890 -446 2200619211430 -312344 312345 10290507 -10602871 96137 -96140 10550336 -10550336 -54221 54219 54222 54223 -54196 10604525 -10604524 -2200618955353 2200618901133 54220 10550113 -10604334 44303 10560219 -10560220 10560253 -31 -10560223 9920 -9920 9921 -980810 970889 10560223 -10560256 -10292161 -268063 -10560222 10560225 -10560226 10560221 -10560224 268062 -268062 -10292158 -312356 -2200629620035 2200629620035 -10604526 10604527 10560226 268063 10292157 9918 258143 -313092 313094 -313095 728 -313093 54950 -54950 54949 10550334 -10605287 54948 -54949 54951 -10605286 313092 -312369 -10604507 2200629505669 -716 10605277 -10605278 10604548 -10604548 -715 10603541 -10290455 -313098 737 -728 313052 -313082 -2200618857612 2200618857612 313318 -313355 10604560 -34 -10291899 10291936 -10291934 -313359 313360 -313361 272282 10331014 2200619183038 -41077 -211120 252198 -252198 252196 -41060 41065 -41064 20 -30767 -5197 -72465884996 72465920950 -30754 30756 -30759 30765 -89559 2200619117616 -236677 35942 -30775 30775 -191785 191789 -191789 191785 41059 -41055 -30776 30758 -30757 30779 -30781 30776 30761 -9051 -2200619161186 2200619211292 -41057 -2200619172895 2200619172907 -2200619172883 2200619163846 9047 41057 -41051 41054 -41054 -30780 41053 -2200619180272 2200619108439 -161012 191790 -71833 191782 -2200619172049 -845 2200619172903 -9037 9052 -9052 9037 50109 -50109 9060 -9059 9055 -9057 9054 -9054 50110 -50110 50106 -41053 41056 -41072 9033 -9034 9032 -2200619148330 2200619139296 50105 -50102 6791 -6792 -3744286695 3754628907 -10292111 -50103 -2200619163279 -3739760286 3739760286 14868626 -14868626 -10292109 -41048 -21 -2200619172900 2200619172900 -2200619213147 -810 2200619172901 41051 -41052 -89567 2200619296320 41052 -41050 -2200619172048 2200619213109 -2200619172055 2200619172055 2200619213105 41062 41049 -41058 2200619172049 41060 -35967 -2200619136089 2200619172057 -2200619213952 2200619172899 -2200619172092 2200619172091 41068 30773 -191783 -71834 -161011 161012 30778 -30778 71841 -232852 232852 30783 -2200619172906 2200619213956 -41074 -30758 30757 41077 -2200619189405 2200619117571 -30774 30771 -191759 160987 30772 -30771 191794 -2200619172897 2200619172895 30782 -211117 252193 -41073 -12847267 12888337 -41062 -89574 -2200619165697 2200619255261 -2200619172050 2200619172050 -2200619172697 -10328494 10287435 10328494 -10328495 -41059 2200619213756 10291933 -2200629505689 10331566 2200619172894 10331573 -10290505 10290505 -10290506 -41061 -35954 -72465884995 72465962033 -30773 41061 -313362 -2200619148328 2200619148333 -272282 10603296 -10289935 -2200619183039 2200619183039 -12888345 12765734 122611 -313366 10603251 -10289926 -313369 313370 -288223780701820312 78 -1465993202751 1465993202752 -1465992323604 -879153 -199779 -2587520 -1465993402541 48960 -48955 48954 -54699 70520 1465993332010 2587643 -1465994914772 1465992327130 -1465992323598 1465992323604 -1465993384062 181299 -199491 -2533199 288223780712110430 -10603571 -2200619017351 2200619017351 112041 -383879 514050 122606 -12888343 12765735 -2200619173529 2200619296140 -12888346 12847258 2200619148331 -272283 272280 -272288 -10289934 -41080 -2200619141961 2200619141977 -71839 232849 -41065 -30784 30759 -30760 -241523 241524 2200619117572 71836 -71835 -160988 232822 -71836 71834 -41081 -313367 313375 -288223780701820233 -79 24 -1465993402553 1465993402531 2587626 -2587641 -1465993402495 1039361 -1021423 1465993384580 -1465992363157 36004 -1057427 -1465993402518 1075365 -1057426 -17974 1465993402548 2587624 -2587625 -1465993402543 198800 1465993203746 -1465993402549 2587623 -2587622 -1465992363154 -1049945 1049946 -1039393 1465993203745 -1465993402548 1465993382029 48939 -70409 -1465993380979 -1465995919649 1465993332027 1465993402550 2587622 -2587621 2587621 -1465993402550 -1465993384110 1465993384110 -1465993402554 1465993402631 2587541 -1465995831398 -158774 -1465995834962 -155210 1146508 1465994843664 156888 1465995833284 167785 155210 1465995834962 1465993402652 2587520 48955 -48950 -54700 1075442 1465992327106 2587625 -1465995989929 1465995978542 -2576240 -1465993386283 1465995973910 -155124 21455 48958 -54695 1465993402546 -1465993332016 -70529 -1465994914730 1096 -921414 1185 70409 1465993402542 -1465993332017 -1465995792142 -197776 -182419 1465993584707 2529261 -1465996113968 1258703 1465992326005 -1465992326005 -1465993247419 1187 919131 -919131 -156311 -2587628 -1465993402544 -1465993247420 1188 919130 -919130 -1188 1189 919129 -919128 -1189 1190 919128 -919127 -1190 919127 -919126 -1191 2587627 -1465992327103 -1075204 1075204 1465992327102 -1465992256037 -989618 -1694 -154478 11204 154478 -165682 10486 -4398027375338 4398027317305 -2582667 -2587627 -1465993385338 1129300 -71066 71066 22703 -1012323 -167785 171899 -171844 171844 19933 -180938 -10737 1465993413389 1465993402541 -1465993381087 -48953 -5745 -1465992256046 1465994843672 -1465995972017 -17912 11387 -1465995970101 135123 -165680 -2932031385884 2932031385884 -718 154908 1465995776600 53425 4961 -4962 -1465995995696 1465995942625 -1465992327105 -1075442 -2587624 -1465993245660 1693 989620 -1157862 11353 1146509 1465992256041 -2587623 -1465993203005 -39494 -160052 -1465995993655 1465993406036 -1465992327153 1465992327153 1465992327097 -1075151 1075151 1465992327089 -1465992327046 -1075412 1146479 -1129443 1129443 -1130341 1153044 -22770 -945017 -201423 201423 1465995788749 -1465995995439 5267 197962 1465995792210 -2587683 -1465993402489 1146440 1465994843732 -1465995788749 945017 -1146440 -1465994843732 1465993402475 -1465993402475 2587693 -2587694 -1465992327036 -1058734 1129670 -1157663 1157666 1465992256089 -1465993402259 1465993402315 -1075400 -1465995989934 1075162 1465992327131 -42 1465993402489 2587683 -1465993402249 1465993402272 -1465993402289 1465993402270 2576390 -2576389 -1465993385429 -184 1058566 71067 -69971 -1076538 17961 246 1465993384285 -1465993385433 1465993385433 -1465993402448 197904 -37895 -143165 1129620 -1128579 -17929 -1465994820960 -1169212 1465993402486 2587686 -2587660 
Potential of Offsets elements: 142.548 28.5475 32.5475 28.5475 985.548 1677.55 28.5475 28.5475 28.5475 28.5475 28.5475 28.5475 991.548 28.5475 49.5475 28.5475 28.5475 28.5475 28.5475 28.5475 2409.55 1165.55 28.5475 28.5475 28.5475 28.5475 28.5475 28.5475 28.5475 2700.1 1171.65 28.5475 28.5475 28.5475 28.5475 28.5475 118.548 52.5475 28.5475 28.5475 37.5475 28.5475 28.5475 28.5475 28.5475 28.5475 28.5475 300.548 28.5475 136.548 169.548 154.548 28.5475 38.5475 235.548 183.548 98.5475 28.5475 28.5475 68.5475 28.5475 28.5475 28.5475 28.5475 710.548 28.5475 28.5475 28.5475 28.5475 28.5475 28.5475 28.5475 28.5475 28.5475 216.548 28.5475 144.548 34.5475 28.5475 28.5475 28.5475 28.5475 28.5475 28.5475 28.5475 28.5475 28.5475 28.5475 28.5475 28.5475 28.5475 629.548 28.5475 28.5475 28.5475 28.5475 44.5475 169.548 30.5475 599.548 220.548 1027.55 28.5475 366.548 28.5475 28.5475 28.5475 28.5475 1477.55 38.5475 28.5475 28.5475 43.5475 315.548 29.5475 28.5475 28.5475 28.5475 28.5475 28.5475 28.5475 293.548 28.5475 28.5475 28.5475 268.548 28.5475 132.548 28.5475 69.5475 28.5475 28.5475 28.5475 28.5475 28.5475 28.5475 28.5475 28.5475 28.5475 28.5475 28.5475 28.5475 28.5475 28.5475 28.5475 28.5475 28.5475 28.5475 28.5475 28.5475 28.5475 28.5475 28.5475 28.5475 28.5475 28.5475 28.5475 28.5475 28.5475 28.5475 28.5475 28.5475 28.5475 35.5475 28.5475 566.548 30.5475 28.5475 28.5475 74.5475 28.5475 33.5475 41.5475 29.5475 28.5475 28.5475 28.5475 28.5475 80.5475 136.548 28.5475 28.5475 28.5475 28.5475 85.5475 38.5475 98.5475 29.5475 28.5475 28.5475 28.5475 28.5475 28.5475 32.5475 28.5475 688.548 43.5475 28.5475 28.5475 30.5475 28.5475 28.5475 28.5475 28.5475 28.5475 36.5475 28.5475 28.5475 28.5475 28.5475 28.5475 28.5475 83.5475 28.5475 28.5475 28.5475 730.548 28.5475 578.548 28.5475 28.5475 28.5475 40.5475 28.5475 28.5475 28.5475 28.5475 28.5475 29.5475 33.5475 32.5475 28.5475 28.5475 28.5475 28.5475 28.5475 28.5475 28.5475 28.5475 28.5475 31.5475 28.5475 28.5475 28.5475 28.5475 28.5475 28.5475 28.5475 64.5475 28.5475 28.5475 28.5475 36.5475 28.5475 29.5475 186.548 28.5475 73.5475 28.5475 28.5475 36.5475 37.5475 30.5475 28.5475 28.5475 28.5475 28.5475 28.5475 28.5475 29.5475 28.5475 28.5475 28.5475 28.5475 28.5475 39.5475 28.5475 28.5475 28.5475 28.5475 28.5475 28.5475 28.5475 28.5475 28.5475 28.5475 28.5475 28.5475 28.5475 28.5475 28.5475 169.548 28.5475 28.5475 49.5475 28.5475 28.5475 28.5475 28.5475 33.5475 28.5475 28.5475 28.5475 28.5475 28.5475 28.5475 28.5475 28.5475 28.5475 28.5475 28.5475 28.5475 28.5475 28.5475 172.548 28.5475 28.5475 28.5475 28.5475 28.5475 28.5475 651.548 28.5475 28.5475 28.5475 28.5475 28.5475 28.5475 28.5475 28.5475 28.5475 28.5475 28.5475 28.5475 28.5475 28.5475 28.5475 28.5475 28.5475 28.5475 28.5475 28.5475 28.5475 28.5475 28.5475 28.5475 28.5475 28.5475 28.5475 28.5475 28.5475 28.5475 161.548 28.5475 28.5475 28.5475 28.5475 28.5475 28.5475 28.5475 28.5475 28.5475 28.5475 28.5475 28.5475 142.548 28.5475 28.5475 28.5475 28.5475 28.5475 28.5475 28.5475 28.5475 160.548 28.5475 28.5475 28.5475 28.5475 28.5475 28.5475 28.5475 28.5475 28.5475 28.5475 28.5475 28.5475 28.5475 28.5475 28.5475 28.5475 149.548 36.5475 60.5475 28.5475 28.5475 28.5475 28.5475 49.5475 199.548 71.5475 28.5475 180.548 28.5475 52.5475 28.5475 1113.55 29.5475 28.5475 29.5475 28.5475 28.5475 442.548 28.5475 28.5475 28.5475 28.5475 47.5475 28.5475 34.5475 28.5475 28.5475 28.5475 100.548 28.5475 28.5475 28.5475 28.5475 28.5475 28.5475 28.5475 28.5475 28.5475 28.5475 28.5475 28.5475 253.548 102.548 28.5475 28.5475 28.5475 28.5475 28.5475 694.548 28.5475 29.5475 360.548 28.5475 28.5475 28.5475 118.548 28.5475 116.548 28.5475 28.5475 28.5475 28.5475 79.5475 29.5475 28.5475 28.5475 74.5475 36.5475 28.5475 28.5475 33.5475 30.5475 28.5475 30.5475 36.5475 30.5475 28.5475 28.5475 202.548 28.5475 28.5475 28.5475 28.5475 71.5475 28.5475 28.5475 28.5475 28.5475 28.5475 28.5475 28.5475 28.5475 28.5475 28.5475 28.5475 28.5475 43.5475 28.5475 28.5475 28.5475 28.5475 28.5475 28.5475 28.5475 28.5475 28.5475 28.5475 28.5475 28.5475 28.5475 28.5475 28.5475 29.5475 28.5475 33.5475 28.5475 28.5475 28.5475 28.5475 28.5475 28.5475 28.5475 28.5475 28.5475 28.5475 28.5475 28.5475 28.5475 28.5475 28.5475 28.5475 28.5475 28.5475 28.5475 64.5475 28.5475 28.5475 28.5475 28.5475 28.5475 28.5475 55.5475 57.5475 28.5475 28.5475 28.5475 28.5475 28.5475 28.5475 190.548 173.548 32.5475 71.5475 40.5475 28.5475 28.5475 98.5475 28.5475 28.5475 28.5475 28.5475 28.5475 28.5475 28.5475 28.5475 28.5475 28.5475 28.5475 28.5475 28.5475 28.5475 28.5475 28.5475 28.5475 28.5475 28.5475 28.5475 28.5475 28.5475 28.5475 28.5475 28.5475 28.5475 28.5475 28.5475 28.5475 28.5475 28.5475 28.5475 28.5475 82.5475 28.5475 28.5475 78.5475 28.5475 28.5475 28.5475 28.5475 28.5475 28.5475 46.5475 28.5475 28.5475 28.5475 28.5475 28.5475 28.5475 28.5475 28.5475 28.5475 28.5475 30.5475 28.5475 60.5475 28.5475 28.5475 81.5475 28.5475 28.5475 115.548 30.5475 28.5475 28.5475 28.5475 28.5475 61.5475 75.5475 28.5475 28.5475 90.5475 28.5475 28.5475 28.5475 28.5475 28.5475 28.5475 28.5475 28.5475 28.5475 28.5475 28.5475 28.5475 28.5475 41.5475 28.5475 28.5475 28.5475 28.5475 28.5475 28.5475 28.5475 28.5475 28.5475 28.5475 28.5475 28.5475 28.5475 28.5475 28.5475 28.5475 28.5475 28.5475 28.5475 28.5475 28.5475 28.5475 28.5475 28.5475 28.5475 74.5475 28.5475 28.5475 216.548 28.5475 28.5475 28.5475 28.5475 28.5475 29.5475 28.5475 28.5475 28.5475 28.5475 28.5475 28.5475 28.5475 65.5475 28.5475 28.5475 28.5475 28.5475 28.5475 36.5475 28.5475 28.5475 28.5475 202.548 31.5475 28.5475 28.5475 29.5475 28.5475 57.5475 28.5475 28.5475 28.5475 28.5475 28.5475 28.5475 28.5475 28.5475 28.5475 28.5475 28.5475 28.5475 28.5475 28.5475 28.5475 28.5475 28.5475 28.5475 28.5475 28.5475 28.5475 28.5475 28.5475 75.5475 28.5475 28.5475 28.5475 28.5475 28.5475 28.5475 28.5475 28.5475 28.5475 28.5475 28.5475 28.5475 28.5475 31.5475 28.5475 28.5475 28.5475 28.5475 28.5475 28.5475 28.5475 28.5475 208.548 28.5475 28.5475 72.5475 28.5475 28.5475 28.5475 28.5475 28.5475 28.5475 28.5475 28.5475 29.5475 32.5475 29.5475 31.5475 28.5475 28.5475 52.5475 28.5475 28.5475 28.5475 28.5475 28.5475 28.5475 28.5475 28.5475 28.5475 28.5475 28.5475 28.5475 28.5475 28.5475 28.5475 28.5475 28.5475 28.5475 28.5475 28.5475 28.5475 28.5475 28.5475 28.5475 28.5475 28.5475 28.5475 28.5475 28.5475 28.5475 28.5475 28.5475 28.5475 28.5475 28.5475 28.5475 28.5475 28.5475 28.5475 28.5475 28.5475 28.5475 28.5475 167.548 28.5475 28.5475 548.548 28.5475 28.5475 28.5475 28.5475 108.548 92.5475 28.5475 28.5475 28.5475 45.5475 28.5475 28.5475 296.548 28.5475 28.5475 28.5475 28.5475 28.5475 28.5475 28.5475 30.5475 29.5475 29.5475 42.5475 28.5475 28.5475 28.5475 28.5475 28.5475 28.5475 28.5475 133.548 33.5475 28.5475 33.5475 38.5475 28.5475 28.5475 32.5475 28.5475 28.5475 28.5475 28.5475 28.5475 28.5475 28.5475 28.5475 28.5475 28.5475 28.5475 28.5475 28.5475 28.5475 28.5475 28.5475 34.5475 28.5475 28.5475 28.5475 28.5475 28.5475 28.5475 28.5475 30.5475 28.5475 28.5475 28.5475 28.5475 28.5475 28.5475 28.5475 28.5475 28.5475 28.5475 28.5475 28.5475 28.5475 28.5475 28.5475 28.5475 28.5475 28.5475 28.5475 28.5475 28.5475 28.5475 341.548 28.5475 28.5475 28.5475 28.5475 28.5475 31.5475 28.5475 28.5475 467.548 28.5475 188.548 28.5475 28.5475 28.5475 28.5475 28.5475 31.5475 64.5475 28.5475 28.5475 28.5475 28.5475 28.5475 28.5475 28.5475 28.5475 28.5475 28.5475 28.5475 742.548 28.5475 28.5475 28.5475 28.5475 28.5475 28.5475 28.5475 28.5475 28.5475 108.548 28.5475 28.5475 28.5475 28.5475 28.5475 28.5475 28.5475 28.5475 28.5475 28.5475 32.5475 39.5475 28.5475 136.548 28.5475 41.5475 28.5475 28.5475 28.5475 28.5475 28.5475 28.5475 28.5475 28.5475 28.5475 28.5475 28.5475 28.5475 28.5475 70.5475 31.5475 33.5475 28.5475 28.5475 28.5475 28.5475 28.5475 28.5475 28.5475 28.5475 28.5475 28.5475 28.5475 28.5475 28.5475 28.5475 28.5475 28.5475 28.5475 28.5475 28.5475 28.5475 28.5475 28.5475 28.5475 28.5475 28.5475 28.5475 28.5475 28.5475 28.5475 28.5475 28.5475 28.5475 28.5475 28.5475 28.5475 28.5475 28.5475 28.5475 28.5475 28.5475 28.5475 28.5475 28.5475 28.5475 28.5475 28.5475 28.5475 28.5475 28.5475 28.5475 28.5475 28.5475 28.5475 28.5475 28.5475 28.5475 192.548 698.548 41.5475 28.5475 28.5475 28.5475 28.5475 28.5475 28.5475 28.5475 28.5475 28.5475 28.5475 28.5475 28.5475 28.5475 28.5475 28.5475 28.5475 28.5475 28.5475 48.5475 28.5475 28.5475 28.5475 28.5475 28.5475 28.5475 28.5475 28.5475 28.5475 28.5475 28.5475 28.5475 70.5475 150.548 28.5475 28.5475 28.5475 28.5475 28.5475 28.5475 28.5475 28.5475 28.5475 28.5475 28.5475 28.5475 28.5475 28.5475 28.5475 28.5475 28.5475 28.5475 28.5475 28.5475 28.5475 28.5475 28.5475 28.5475 28.5475 28.5475 28.5475 28.5475 28.5475 28.5475 28.5475 28.5475 28.5475 28.5475 28.5475 28.5475 28.5475 28.5475 28.5475 28.5475 28.5475 28.5475 32.5475 28.5475 28.5475 28.5475 28.5475 28.5475 28.5475 28.5475 28.5475 28.5475 28.5475 28.5475 28.5475 28.5475 28.5475 28.5475 28.5475 28.5475 28.5475 28.5475 28.5475 28.5475 28.5475 28.5475 28.5475 28.5475 28.5475 28.5475 28.5475 35.5475 28.5475 28.5475 28.5475 28.5475 28.5475 28.5475 28.5475 28.5475 28.5475 28.5475 28.5475 60.5475 33.5475 28.5475 28.5475 28.5475 28.5475 28.5475 28.5475 28.5475 28.5475 28.5475 28.5475 28.5475 28.5475 28.5475 28.5475 28.5475 28.5475 28.5475 28.5475 28.5475 28.5475 28.5475 28.5475 28.5475 28.5475 28.5475 28.5475 28.5475 28.5475 28.5475 28.5475 28.5475 28.5475 28.5475 28.5475 28.5475 28.5475 28.5475 28.5475 28.5475 28.5475 28.5475 28.5475 28.5475 28.5475 34.5475 28.5475 28.5475 28.5475 28.5475 28.5475 28.5475 28.5475 28.5475 28.5475 28.5475 28.5475 28.5475 28.5475 28.5475 28.5475 28.5475 28.5475 28.5475 28.5475 28.5475 28.5475 28.5475 28.5475 28.5475 64.5475 168.548 28.5475 28.5475 36.5475 28.5475 28.5475 28.5475 28.5475 28.5475 28.5475 28.5475 28.5475 28.5475 28.5475 67.5475 28.5475 28.5475 28.5475 28.5475 28.5475 31.5475 28.5475 28.5475 28.5475 28.5475 28.5475 28.5475 28.5475 28.5475 28.5475 28.5475 28.5475 28.5475 175.548 28.5475 28.5475 28.5475 28.5475 28.5475 28.5475 28.5475 28.5475 28.5475 30.5475 28.5475 28.5475 28.5475 28.5475 28.5475 28.5475 28.5475 29.5475 28.5475 28.5475 28.5475 28.5475 28.5475 28.5475 28.5475 50.5475 28.5475 28.5475 28.5475 28.5475 28.5475 28.5475 28.5475 28.5475 28.5475 28.5475 28.5475 28.5475 28.5475 28.5475 28.5475 28.5475 28.5475 28.5475 28.5475 28.5475 28.5475 28.5475 28.5475 28.5475 28.5475 28.5475 28.5475 28.5475 28.5475 28.5475 28.5475 28.5475 28.5475 28.5475 39.5475 28.5475 28.5475 28.5475 28.5475 41.5475 123.548 28.5475 28.5475 29.5475 28.5475 28.5475 28.5475 28.5475 28.5475 28.5475 28.5475 28.5475 28.5475 28.5475 28.5475 28.5475 28.5475 28.5475 28.5475 28.5475 28.5475 28.5475 28.5475 28.5475 28.5475 28.5475 28.5475 28.5475 28.5475 149.548 28.5475 28.5475 28.5475 28.5475 28.5475 28.5475 28.5475 35.5475 28.5475 28.5475 28.5475 28.5475 28.5475 28.5475 194.548 179.548 28.5475 28.5475 28.5475 28.5475 28.5475 28.5475 28.5475 32.5475 28.5475 32.5475 28.5475 28.5475 28.5475 28.5475 63.5475 28.5475 28.5475 28.5475 28.5475 28.5475 28.5475 28.5475 28.5475 28.5475 28.5475 28.5475 28.5475 28.5475 28.5475 28.5475 28.5475 28.5475 28.5475 28.5475 28.5475 28.5475 28.5475 28.5475 28.5475 28.5475 28.5475 28.5475 28.5475 28.5475 28.5475 28.5475 28.5475 28.5475 28.5475 64.5475 28.5475 28.5475 28.5475 28.5475 28.5475 28.5475 28.5475 28.5475 28.5475 28.5475 28.5475 28.5475 28.5475 28.5475 28.5475 28.5475 28.5475 28.5475 28.5475 28.5475 28.5475 28.5475 28.5475 28.5475 73.5475 28.5475 28.5475 28.5475 28.5475 28.5475 28.5475 28.5475 28.5475 28.5475 28.5475 28.5475 28.5475 28.5475 28.5475 28.5475 28.5475 28.5475 28.5475 28.5475 97.5475 107.548 28.5475 28.5475 28.5475 28.5475 28.5475 28.5475 28.5475 28.5475 28.5475 290.548 28.5475 28.5475 28.5475 28.5475 28.5475 28.5475 28.5475 28.5475 28.5475 28.5475 28.5475 28.5475 28.5475 28.5475 28.5475 28.5475 28.5475 28.5475 28.5475 28.5475 28.5475 28.5475 28.5475 28.5475 28.5475 28.5475 28.5475 28.5475 28.5475 93.5475 28.5475 28.5475 28.5475 28.5475 28.5475 28.5475 28.5475 28.5475 28.5475 28.5475 28.5475 28.5475 28.5475 28.5475 28.5475 28.5475 28.5475 28.5475 28.5475 28.5475 28.5475 28.5475 28.5475 28.5475 28.5475 28.5475 28.5475 28.5475 28.5475 28.5475 181.548 28.5475 28.5475 28.5475 28.5475 28.5475 28.5475 28.5475 28.5475 28.5475 28.5475 28.5475 28.5475 28.5475 28.5475 31.5475 64.5475 28.5475 28.5475 28.5475 28.5475 28.5475 28.5475 28.5475 28.5475 28.5475 28.5475 32.5475 28.5475 28.5475 201.548 28.5475 28.5475 28.5475 28.5475 28.5475 28.5475 28.5475 28.5475 28.5475 28.5475 28.5475 28.5475 28.5475 28.5475 28.5475 28.5475 28.5475 28.5475 28.5475 28.5475 28.5475 28.5475 28.5475 28.5475 28.5475 28.5475 28.5475 28.5475 28.5475 28.5475 28.5475 28.5475 28.5475 29.5475 76.5475 28.5475 28.5475 28.5475 28.5475 68.5475 28.5475 28.5475 28.5475 48.5475 28.5475 32.5475 28.5475 28.5475 28.5475 28.5475 28.5475 28.5475 28.5475 28.5475 28.5475 52.5475 33.5475 28.5475 28.5475 128.548 28.5475 28.5475 28.5475 28.5475 28.5475 28.5475 28.5475 28.5475 28.5475 28.5475 28.5475 29.5475 28.5475 28.5475 28.5475 28.5475 28.5475 28.5475 28.5475 118.548 28.5475 28.5475 28.5475 28.5475 28.5475 28.5475 28.5475 28.5475 28.5475 28.5475 28.5475 28.5475 28.5475 28.5475 28.5475 28.5475 28.5475 28.5475 28.5475 28.5475 28.5475 28.5475 28.5475 51.5475 67.5475 28.5475 40.5475 28.5475 28.5475 28.5475 28.5475 28.5475 28.5475 28.5475 28.5475 28.5475 28.5475 28.5475 28.5475 60.5475 29.5475 29.5475 28.5475 28.5475 28.5475 28.5475 28.5475 28.5475 28.5475 28.5475 28.5475 28.5475 28.5475 28.5475 28.5475 28.5475 28.5475 28.5475 28.5475 28.5475 28.5475 28.5475 28.5475 28.5475 28.5475 28.5475 28.5475 28.5475 28.5475 28.5475 28.5475 28.5475 28.5475 28.5475 28.5475 28.5475 28.5475 28.5475 28.5475 28.5475 28.5475 28.5475 28.5475 34.5475 28.5475 28.5475 28.5475 126.548 28.5475 28.5475 28.5475 28.5475 28.5475 28.5475 28.5475 28.5475 28.5475 28.5475 28.5475 28.5475 28.5475 28.5475 28.5475 28.5475 28.5475 28.5475 28.5475 28.5475 28.5475 28.5475 28.5475 28.5475 28.5475 28.5475 28.5475 28.5475 28.5475 28.5475 28.5475 28.5475 28.5475 28.5475 28.5475 28.5475 28.5475 28.5475 28.5475 120.548 28.5475 28.5475 28.5475 28.5475 28.5475 28.5475 28.5475 28.5475 28.5475 28.5475 28.5475 28.5475 28.5475 28.5475 28.5475 28.5475 28.5475 28.5475 28.5475 28.5475 28.5475 28.5475 28.5475 28.5475 32.5475 28.5475 28.5475 28.5475 28.5475 28.5475 28.5475 28.5475 28.5475 28.5475 28.5475 28.5475 28.5475 28.5475 28.5475 28.5475 28.5475 28.5475 209.548 28.5475 28.5475 28.5475 28.5475 28.5475 28.5475 28.5475 28.5475 28.5475 28.5475 28.5475 28.5475 28.5475 28.5475 28.5475 28.5475 28.5475 28.5475 30.5475 28.5475 28.5475 28.5475 28.5475 28.5475 28.5475 28.5475 28.5475 28.5475 28.5475 28.5475 28.5475 28.5475 28.5475 28.5475 28.5475 28.5475 28.5475 28.5475 28.5475 28.5475 28.5475 180.548 29.5475 28.5475 28.5475 28.5475 28.5475 28.5475 28.5475 28.5475 28.5475 28.5475 28.5475 28.5475 28.5475 357.548 28.5475 28.5475 32.5475 28.5475 28.5475 28.5475 28.5475 28.5475 28.5475 28.5475 28.5475 28.5475 28.5475 28.5475 28.5475 28.5475 28.5475 28.5475 28.5475 28.5475 28.5475 28.5475 28.5475 28.5475 28.5475 28.5475 28.5475 28.5475 28.5475 32.5475 37.5475 28.5475 28.5475 144.548 28.5475 28.5475 28.5475 28.5475 28.5475 28.5475 28.5475 28.5475 28.5475 28.5475 28.5475 29.5475 81.5475 28.5475 28.5475 28.5475 28.5475 28.5475 28.5475 28.5475 28.5475 28.5475 28.5475 28.5475 34.5475 28.5475 36.5475 28.5475 28.5475 28.5475 28.5475 28.5475 28.5475 28.5475 28.5475 28.5475 28.5475 28.5475 28.5475 28.5475 28.5475 28.5475 28.5475 28.5475 28.5475 28.5475 28.5475 28.5475 28.5475 28.5475 28.5475 28.5475 28.5475 28.5475 28.5475 28.5475 28.5475 28.5475 28.5475 28.5475 29.5475 28.5475 28.5475 28.5475 28.5475 28.5475 28.5475 28.5475 28.5475 28.5475 28.5475 28.5475 133.548 28.5475 28.5475 28.5475 28.5475 28.5475 28.5475 28.5475 28.5475 28.5475 28.5475 28.5475 193.548 42.5475 28.5475 28.5475 28.5475 28.5475 28.5475 28.5475 28.5475 28.5475 28.5475 28.5475 28.5475 28.5475 28.5475 28.5475 28.5475 28.5475 28.5475 28.5475 28.5475 28.5475 28.5475 28.5475 28.5475 28.5475 28.5475 28.5475 28.5475 28.5475 28.5475 28.5475 28.5475 28.5475 28.5475 28.5475 28.5475 28.5475 28.5475 28.5475 28.5475 28.5475 28.5475 28.5475 28.5475 28.5475 28.5475 28.5475 42.5475 28.5475 28.5475 28.5475 28.5475 28.5475 28.5475 28.5475 28.5475 28.5475 28.5475 28.5475 28.5475 28.5475 28.5475 28.5475 28.5475 28.5475 28.5475 28.5475 28.5475 28.5475 28.5475 28.5475 28.5475 28.5475 28.5475 28.5475 28.5475 28.5475 28.5475 28.5475 28.5475 28.5475 64.5475 28.5475 28.5475 28.5475 28.5475 28.5475 247.548 59.5475 28.5475 28.5475 28.5475 28.5475 28.5475 28.5475 28.5475 28.5475 28.5475 28.5475 28.5475 28.5475 28.5475 28.5475 28.5475 28.5475 28.5475 28.5475 28.5475 28.5475 28.5475 28.5475 28.5475 28.5475 31.5475 28.5475 28.5475 28.5475 28.5475 28.5475 28.5475 28.5475 28.5475 28.5475 28.5475 28.5475 28.5475 28.5475 28.5475 28.5475 28.5475 28.5475 28.5475 104.548 92.5475 28.5475 28.5475 28.5475 28.5475 28.5475 28.5475 116.548 67.5475 29.5475 28.5475 28.5475 28.5475 108.548 28.5475 28.5475 28.5475 28.5475 28.5475 28.5475 28.5475 28.5475 28.5475 28.5475 28.5475 28.5475 42.5475 42.5475 28.5475 28.5475 28.5475 28.5475 28.5475 28.5475 44.5475 28.5475 29.5475 28.5475 28.5475 28.5475 28.5475 28.5475 28.5475 28.5475 28.5475 28.5475 28.5475 28.5475 28.5475 28.5475 28.5475 28.5475 28.5475 28.5475 28.5475 28.5475 28.5475 28.5475 28.5475 28.5475 28.5475 28.5475 28.5475 28.5475 28.5475 28.5475 28.5475 28.5475 28.5475 28.5475 28.5475 28.5475 28.5475 28.5475 28.5475 28.5475 28.5475 28.5475 28.5475 28.5475 30.5475 28.5475 28.5475 69.5475 28.5475 28.5475 28.5475 28.5475 28.5475 28.5475 28.5475 28.5475 28.5475 28.5475 29.5475 28.5475 28.5475 28.5475 28.5475 28.5475 28.5475 28.5475 30.5475 28.5475 28.5475 28.5475 28.5475 28.5475 28.5475 28.5475 28.5475 28.5475 28.5475 28.5475 28.5475 28.5475 28.5475 28.5475 28.5475 28.5475 28.5475 136.548 28.5475 29.5475 28.5475 322.548 28.5475 28.5475 28.5475 34.5475 28.5475 73.5475 28.5475 28.5475 48.5475 28.5475 28.5475 28.5475 28.5475 28.5475 28.5475 28.5475 28.5475 28.5475 28.5475 28.5475 28.5475 28.5475 28.5475 28.5475 28.5475 28.5475 28.5475 28.5475 37.5475 156.548 28.5475 28.5475 28.5475 28.5475 28.5475 28.5475 28.5475 54.5475 28.5475 28.5475 28.5475 28.5475 28.5475 28.5475 28.5475 28.5475 28.5475 28.5475 28.5475 28.5475 28.5475 28.5475 28.5475 28.5475 28.5475 28.5475 28.5475 28.5475 28.5475 28.5475 86.5475 28.5475 28.5475 28.5475 28.5475 28.5475 28.5475 28.5475 28.5475 28.5475 28.5475 28.5475 30.5475 28.5475 28.5475 28.5475 28.5475 28.5475 28.5475 28.5475 28.5475 28.5475 28.5475 28.5475 28.5475 28.5475 28.5475 28.5475 28.5475 224.548 28.5475 28.5475 
rewards of Offsets elements: 114 0 4 0 957 1649 0 0 0 0 0 0 963 0 21 0 0 0 0 0 2381 1137 0 0 0 0 0 0 0 2700 1160 0 0 0 0 0 90 24 0 0 9 0 0 0 0 0 0 272 0 108 141 126 0 10 207 155 70 0 0 40 0 0 0 0 682 0 0 0 0 0 0 0 0 0 188 0 116 6 0 0 0 0 0 0 0 0 0 0 0 0 0 601 0 0 0 0 16 141 2 571 192 999 0 338 0 0 0 0 1449 10 0 0 15 287 1 0 0 0 0 0 0 265 0 0 0 240 0 104 0 41 0 0 0 0 0 0 0 0 0 0 0 0 0 0 0 0 0 0 0 0 0 0 0 0 0 0 0 0 0 0 0 0 0 7 0 538 2 0 0 46 0 5 13 1 0 0 0 0 52 108 0 0 0 0 57 10 70 1 0 0 0 0 0 4 0 660 15 0 0 2 0 0 0 0 0 8 0 0 0 0 0 0 55 0 0 0 702 0 550 0 0 0 12 0 0 0 0 0 1 5 4 0 0 0 0 0 0 0 0 0 3 0 0 0 0 0 0 0 36 0 0 0 8 0 1 158 0 45 0 0 8 9 2 0 0 0 0 0 0 1 0 0 0 0 0 11 0 0 0 0 0 0 0 0 0 0 0 0 0 0 0 141 0 0 21 0 0 0 0 5 0 0 0 0 0 0 0 0 0 0 0 0 0 0 144 0 0 0 0 0 0 623 0 0 0 0 0 0 0 0 0 0 0 0 0 0 0 0 0 0 0 0 0 0 0 0 0 0 0 0 0 0 133 0 0 0 0 0 0 0 0 0 0 0 0 114 0 0 0 0 0 0 0 0 132 0 0 0 0 0 0 0 0 0 0 0 0 0 0 0 0 121 8 32 0 0 0 0 21 171 43 0 152 0 24 0 1085 1 0 1 0 0 414 0 0 0 0 19 0 6 0 0 0 72 0 0 0 0 0 0 0 0 0 0 0 0 225 74 0 0 0 0 0 666 0 1 332 0 0 0 90 0 88 0 0 0 0 51 1 0 0 46 8 0 0 5 2 0 2 8 2 0 0 174 0 0 0 0 43 0 0 0 0 0 0 0 0 0 0 0 0 15 0 0 0 0 0 0 0 0 0 0 0 0 0 0 0 1 0 5 0 0 0 0 0 0 0 0 0 0 0 0 0 0 0 0 0 0 0 36 0 0 0 0 0 0 27 29 0 0 0 0 0 0 162 145 4 43 12 0 0 70 0 0 0 0 0 0 0 0 0 0 0 0 0 0 0 0 0 0 0 0 0 0 0 0 0 0 0 0 0 0 0 0 0 54 0 0 50 0 0 0 0 0 0 18 0 0 0 0 0 0 0 0 0 0 2 0 32 0 0 53 0 0 87 2 0 0 0 0 33 47 0 0 62 0 0 0 0 0 0 0 0 0 0 0 0 0 13 0 0 0 0 0 0 0 0 0 0 0 0 0 0 0 0 0 0 0 0 0 0 0 0 0 46 0 0 188 0 0 0 0 0 1 0 0 0 0 0 0 0 37 0 0 0 0 0 8 0 0 0 174 3 0 0 1 0 29 0 0 0 0 0 0 0 0 0 0 0 0 0 0 0 0 0 0 0 0 0 0 0 47 0 0 0 0 0 0 0 0 0 0 0 0 0 3 0 0 0 0 0 0 0 0 180 0 0 44 0 0 0 0 0 0 0 0 1 4 1 3 0 0 24 0 0 0 0 0 0 0 0 0 0 0 0 0 0 0 0 0 0 0 0 0 0 0 0 0 0 0 0 0 0 0 0 0 0 0 0 0 0 0 0 0 0 0 139 0 0 520 0 0 0 0 80 64 0 0 0 17 0 0 268 0 0 0 0 0 0 0 2 1 1 14 0 0 0 0 0 0 0 105 5 0 5 10 0 0 4 0 0 0 0 0 0 0 0 0 0 0 0 0 0 0 0 6 0 0 0 0 0 0 0 2 0 0 0 0 0 0 0 0 0 0 0 0 0 0 0 0 0 0 0 0 0 0 313 0 0 0 0 0 3 0 0 439 0 160 0 0 0 0 0 3 36 0 0 0 0 0 0 0 0 0 0 0 714 0 0 0 0 0 0 0 0 0 80 0 0 0 0 0 0 0 0 0 0 4 11 0 108 0 13 0 0 0 0 0 0 0 0 0 0 0 0 0 42 3 5 0 0 0 0 0 0 0 0 0 0 0 0 0 0 0 0 0 0 0 0 0 0 0 0 0 0 0 0 0 0 0 0 0 0 0 0 0 0 0 0 0 0 0 0 0 0 0 0 0 0 0 0 0 0 0 0 164 670 13 0 0 0 0 0 0 0 0 0 0 0 0 0 0 0 0 0 0 20 0 0 0 0 0 0 0 0 0 0 0 0 42 122 0 0 0 0 0 0 0 0 0 0 0 0 0 0 0 0 0 0 0 0 0 0 0 0 0 0 0 0 0 0 0 0 0 0 0 0 0 0 0 0 0 0 4 0 0 0 0 0 0 0 0 0 0 0 0 0 0 0 0 0 0 0 0 0 0 0 0 0 0 0 0 7 0 0 0 0 0 0 0 0 0 0 0 32 5 0 0 0 0 0 0 0 0 0 0 0 0 0 0 0 0 0 0 0 0 0 0 0 0 0 0 0 0 0 0 0 0 0 0 0 0 0 0 0 0 0 0 0 0 6 0 0 0 0 0 0 0 0 0 0 0 0 0 0 0 0 0 0 0 0 0 0 0 0 36 140 0 0 8 0 0 0 0 0 0 0 0 0 0 39 0 0 0 0 0 3 0 0 0 0 0 0 0 0 0 0 0 0 147 0 0 0 0 0 0 0 0 0 2 0 0 0 0 0 0 0 1 0 0 0 0 0 0 0 22 0 0 0 0 0 0 0 0 0 0 0 0 0 0 0 0 0 0 0 0 0 0 0 0 0 0 0 0 0 0 0 0 0 0 11 0 0 0 0 13 95 0 0 1 0 0 0 0 0 0 0 0 0 0 0 0 0 0 0 0 0 0 0 0 0 0 0 0 0 121 0 0 0 0 0 0 0 7 0 0 0 0 0 0 166 151 0 0 0 0 0 0 0 4 0 4 0 0 0 0 35 0 0 0 0 0 0 0 0 0 0 0 0 0 0 0 0 0 0 0 0 0 0 0 0 0 0 0 0 0 0 0 0 0 0 36 0 0 0 0 0 0 0 0 0 0 0 0 0 0 0 0 0 0 0 0 0 0 0 0 45 0 0 0 0 0 0 0 0 0 0 0 0 0 0 0 0 0 0 0 69 79 0 0 0 0 0 0 0 0 0 262 0 0 0 0 0 0 0 0 0 0 0 0 0 0 0 0 0 0 0 0 0 0 0 0 0 0 0 0 0 65 0 0 0 0 0 0 0 0 0 0 0 0 0 0 0 0 0 0 0 0 0 0 0 0 0 0 0 0 0 0 153 0 0 0 0 0 0 0 0 0 0 0 0 0 0 3 36 0 0 0 0 0 0 0 0 0 0 4 0 0 173 0 0 0 0 0 0 0 0 0 0 0 0 0 0 0 0 0 0 0 0 0 0 0 0 0 0 0 0 0 0 0 0 0 1 48 0 0 0 0 40 0 0 0 20 0 4 0 0 0 0 0 0 0 0 0 24 5 0 0 100 0 0 0 0 0 0 0 0 0 0 0 1 0 0 0 0 0 0 0 90 0 0 0 0 0 0 0 0 0 0 0 0 0 0 0 0 0 0 0 0 0 0 0 23 39 0 12 0 0 0 0 0 0 0 0 0 0 0 0 32 1 1 0 0 0 0 0 0 0 0 0 0 0 0 0 0 0 0 0 0 0 0 0 0 0 0 0 0 0 0 0 0 0 0 0 0 0 0 0 0 0 0 0 6 0 0 0 98 0 0 0 0 0 0 0 0 0 0 0 0 0 0 0 0 0 0 0 0 0 0 0 0 0 0 0 0 0 0 0 0 0 0 0 0 0 0 0 92 0 0 0 0 0 0 0 0 0 0 0 0 0 0 0 0 0 0 0 0 0 0 0 0 4 0 0 0 0 0 0 0 0 0 0 0 0 0 0 0 0 0 181 0 0 0 0 0 0 0 0 0 0 0 0 0 0 0 0 0 0 2 0 0 0 0 0 0 0 0 0 0 0 0 0 0 0 0 0 0 0 0 0 0 152 1 0 0 0 0 0 0 0 0 0 0 0 0 329 0 0 4 0 0 0 0 0 0 0 0 0 0 0 0 0 0 0 0 0 0 0 0 0 0 0 0 0 0 4 9 0 0 116 0 0 0 0 0 0 0 0 0 0 0 1 53 0 0 0 0 0 0 0 0 0 0 0 6 0 8 0 0 0 0 0 0 0 0 0 0 0 0 0 0 0 0 0 0 0 0 0 0 0 0 0 0 0 0 0 0 0 0 0 1 0 0 0 0 0 0 0 0 0 0 0 105 0 0 0 0 0 0 0 0 0 0 0 165 14 0 0 0 0 0 0 0 0 0 0 0 0 0 0 0 0 0 0 0 0 0 0 0 0 0 0 0 0 0 0 0 0 0 0 0 0 0 0 0 0 0 0 0 0 0 0 14 0 0 0 0 0 0 0 0 0 0 0 0 0 0 0 0 0 0 0 0 0 0 0 0 0 0 0 0 0 0 0 0 0 36 0 0 0 0 0 219 31 0 0 0 0 0 0 0 0 0 0 0 0 0 0 0 0 0 0 0 0 0 0 0 0 3 0 0 0 0 0 0 0 0 0 0 0 0 0 0 0 0 0 0 76 64 0 0 0 0 0 0 88 39 1 0 0 0 80 0 0 0 0 0 0 0 0 0 0 0 0 14 14 0 0 0 0 0 0 16 0 1 0 0 0 0 0 0 0 0 0 0 0 0 0 0 0 0 0 0 0 0 0 0 0 0 0 0 0 0 0 0 0 0 0 0 0 0 0 0 0 0 0 0 0 2 0 0 41 0 0 0 0 0 0 0 0 0 0 1 0 0 0 0 0 0 0 2 0 0 0 0 0 0 0 0 0 0 0 0 0 0 0 0 0 0 108 0 1 0 294 0 0 0 6 0 45 0 0 20 0 0 0 0 0 0 0 0 0 0 0 0 0 0 0 0 0 0 0 9 128 0 0 0 0 0 0 0 26 0 0 0 0 0 0 0 0 0 0 0 0 0 0 0 0 0 0 0 0 0 0 58 0 0 0 0 0 0 0 0 0 0 0 2 0 0 0 0 0 0 0 0 0 0 0 0 0 0 0 0 196 0 0 Printing Sanity3
offset_index value2336
offset list size2336
reward size2336
potential size2336
-----------------------------------------------------------------------------------------------------------------------------------------------------------------------------------------------------

DRAM Statistics
 CHANNEL 0
 RQ ROW_BUFFER_HIT:      31383  ROW_BUFFER_MISS:      47485
 DBUS_CONGESTED:         31
 WQ ROW_BUFFER_HIT:       4533  ROW_BUFFER_MISS:      43319  FULL:          0

 AVG_CONGESTED_CYCLE: 6
 All warmup complete: 2
Channel 0 Bank busy for read cycles: 0
Channel 0 Bank busy for write cycles: 0
Channel 0
Rank 0
0banks busy for read cycles: 631737390
0banks busy for write cycles: 9851
1banks busy for read cycles: 1954307
1banks busy for write cycles: 1231287
2banks busy for read cycles: 337235
2banks busy for write cycles: 254849
3banks busy for read cycles: 233839
3banks busy for write cycles: 153203
4banks busy for read cycles: 175283
4banks busy for write cycles: 123440
5banks busy for read cycles: 135447
5banks busy for write cycles: 117592
6banks busy for read cycles: 147780
6banks busy for write cycles: 124488
7banks busy for read cycles: 124947
7banks busy for write cycles: 144953
8banks busy for read cycles: 281185
8banks busy for write cycles: 360590

CPU 0 Branch Prediction Accuracy: 99.8608% MPKI: 0.244675 Average ROB Occupancy at Mispredict: 30.8036
Branch types
NOT_BRANCH: 164851287 82.4256%
BRANCH_DIRECT_JUMP: 2026968 1.01348%
BRANCH_INDIRECT: 11863620 5.93181%
BRANCH_CONDITIONAL: 12721088 6.36054%
BRANCH_DIRECT_CALL: 3599197 1.7996%
BRANCH_INDIRECT_CALL: 669164 0.334582%
BRANCH_RETURN: 4268358 2.13418%
BRANCH_OTHER: 0 0%

DRAM PAGES: 1048576
Allocated PAGES: 2582
