
*** ChampSim Multicore Out-of-Order Simulator ***

Warmup Instructions: 50000000
Simulation Instructions: 200000000
Number of CPUs: 1
LLC sets: 2048
LLC ways: 16
Off-chip DRAM Size: 4096 MB Channels: 1 Width: 64-bit Data Rate: 6400 MT/s
CPU 0 runs traces/spec2k17/srv_43.champsimtrace.xz
.xz
BTB has LRU replacement policy
ITLB has LRU replacement policy
DTLB has LRU replacement policy
STLB has LRU replacement policy
L1I has LRU replacement policy
L1D has LRU replacement policy
Initialize SRRIP state for L2C
Initialize DRRIP state for LLC
Offsets elements: 
Potential of Offsets elements: 
rewards of Offsets elements: 
Printing Sanity1
offset list size1923
Offsets elements: 
Potential of Offsets elements: 
rewards of Offsets elements: 0 0 0 0 199 26 1109 0 0 20 0 127 0 3426 0 0 0 0 390 1262 0 0 0 0 0 12 157 0 0 0 808 0 0 1057 0 0 0 0 0 0 0 0 0 0 0 0 0 0 505 928 0 0 0 0 0 482 0 0 422 0 0 341 294 0 0 0 0 0 0 0 0 0 0 0 65 0 0 0 0 0 0 0 41 0 0 0 196 812 0 0 0 0 0 0 0 25 0 12 5 0 126 0 0 0 0 0 0 0 0 0 0 0 0 0 0 0 424 0 0 0 0 0 0 0 0 0 0 0 174 0 0 0 0 0 0 0 373 0 0 0 0 0 13 0 0 0 0 0 0 0 0 0 0 0 48 0 0 0 0 0 0 0 0 0 0 0 0 0 0 0 0 84 0 0 0 0 0 0 6 0 0 0 9 0 0 0 0 0 0 0 0 0 0 0 312 0 0 0 0 45 0 4 0 0 0 7 0 0 9 0 0 0 279 0 0 28 1 18 0 0 15 0 0 0 0 4 18 0 0 4 1 44 2 0 0 0 0 0 0 0 0 0 0 0 0 0 0 0 0 0 0 0 240 0 0 0 0 0 0 0 0 0 0 0 0 0 0 807 0 0 0 0 852 691 0 0 837 0 0 512 419 0 0 4 0 0 0 471 0 0 0 0 0 0 0 0 0 0 0 0 0 0 0 0 0 0 0 0 0 0 0 0 0 10 0 0 0 36 0 0 32 2 0 0 0 0 0 5 0 0 0 0 179 70 0 0 0 0 0 0 0 0 0 0 0 0 0 0 0 0 0 0 6 0 0 0 0 0 0 0 0 0 0 0 0 0 0 0 0 0 10 0 0 0 0 0 0 0 0 0 0 0 0 0 0 0 0 0 0 0 0 6 0 0 0 0 0 0 0 0 19 0 0 0 0 0 0 0 0 0 0 0 0 0 0 0 0 0 241 0 0 0 0 0 2 22 17 92 0 0 0 0 9 0 0 3 0 2 0 0 0 0 0 0 0 0 0 0 0 18 0 0 0 0 0 2 0 0 0 0 0 0 0 0 68 0 0 0 36 0 0 0 0 33 93 0 0 0 0 0 0 0 0 0 33 0 0 0 0 0 0 52 9 0 0 0 0 0 0 0 0 0 0 0 0 0 0 0 0 0 0 0 0 0 0 1 0 0 0 0 0 0 0 0 0 0 0 0 0 1 25 0 0 0 0 0 0 8 0 6 0 0 0 0 0 0 0 0 27 0 207 0 0 0 0 0 0 0 1599 153 6 3 20 2 0 6 1 0 0 0 0 0 0 0 0 0 0 38 0 84 0 0 0 0 0 0 0 432 0 0 2 0 0 0 119 0 0 0 0 0 0 0 0 0 0 0 0 0 0 0 0 0 0 0 0 0 0 0 20 0 42 0 0 0 0 34 0 0 0 8 277 0 0 0 1 0 173 4 0 0 0 0 44 12 1 86 0 0 0 0 0 0 0 0 0 0 0 0 0 0 0 0 0 0 16 0 0 0 0 0 0 0 0 36 0 0 0 195 0 0 0 17 8 0 0 0 0 0 0 0 0 0 0 0 0 0 0 0 0 0 0 0 0 0 0 18 0 0 0 1 0 0 0 0 0 0 0 0 0 0 0 0 0 0 0 0 0 0 0 0 0 0 0 0 0 9 0 0 0 0 0 85 46 5 24 0 0 36 0 50 60 0 0 24 129 1 5 0 0 0 4 0 0 0 180 384 0 0 2 2 0 0 0 0 0 0 0 0 0 0 0 0 0 0 0 0 0 0 0 0 0 0 4 0 0 0 0 0 0 0 0 0 0 0 7 0 50 1 0 0 0 0 0 0 0 7 0 0 22 0 0 0 0 0 54 0 0 204 40 0 0 0 0 0 0 0 0 0 0 0 0 0 0 12 99 48 80 50 3 36 18 0 10 0 53 175 0 0 3 5 0 0 0 0 0 0 0 9 0 0 21 0 0 0 0 0 0 2 0 0 10 0 0 0 0 0 0 0 0 0 0 0 0 0 246 0 0 0 0 0 0 0 0 0 0 0 0 0 0 0 0 0 0 40 0 0 0 0 1 0 0 0 0 0 0 90 0 0 0 0 0 0 0 0 0 0 0 0 0 0 24 0 1 0 0 0 0 0 10 0 72 6 0 8 0 0 0 0 0 1 0 3 0 0 0 2 0 0 0 14 30 0 0 548 0 0 0 0 0 0 0 0 0 4 0 0 3 20 0 0 0 0 0 0 0 0 0 0 0 0 0 0 0 0 0 0 0 0 924 0 24 0 0 0 0 0 0 29 0 0 16 0 0 6 0 0 0 0 271 0 0 0 0 0 0 0 0 72 0 0 0 0 0 0 0 10 0 0 0 6 0 0 17 64 42 0 214 0 181 0 0 0 0 0 0 0 0 0 0 0 0 132 0 0 0 5 0 0 0 0 0 0 0 0 0 0 0 0 0 0 0 0 0 0 0 0 0 0 0 0 0 0 0 0 0 0 50 0 0 29 0 0 0 0 0 0 0 0 0 0 0 0 0 0 228 0 0 0 0 0 0 0 0 0 0 0 0 0 0 0 0 0 0 0 0 0 0 0 0 0 0 0 0 0 0 0 37 1 6 0 0 0 164 0 0 19 0 0 0 0 36 0 0 0 0 0 0 127 0 0 0 0 0 0 0 0 0 0 0 0 0 0 0 0 0 0 196 0 0 0 0 0 0 0 0 0 0 0 65 0 0 0 0 0 0 0 0 213 0 0 0 0 0 0 0 0 0 0 0 0 0 0 0 0 0 0 0 0 0 0 0 0 274 148 0 16 0 0 0 0 0 0 0 0 0 0 0 0 0 0 0 0 0 0 0 0 10 0 0 0 0 0 0 0 0 4 0 10 99 264 4 0 20 33 0 0 0 31 12 0 1 0 0 0 0 0 0 0 0 0 0 0 0 0 0 0 2 14 0 0 0 44 0 0 29 0 0 0 0 23 0 55 0 0 0 0 0 0 21 0 0 0 0 0 0 0 0 0 0 0 0 0 0 0 0 0 0 0 3 7 2 0 0 0 0 0 59 0 1 0 0 0 0 0 0 0 0 0 0 0 0 4 0 0 0 0 0 0 10 0 0 3 0 48 11 9 176 105 0 0 60 0 30 0 0 0 0 0 0 10 0 0 0 0 0 0 0 0 0 0 0 0 104 0 0 0 0 0 0 0 55 0 0 20 0 0 33 0 2 0 0 0 0 103 0 3 0 0 0 0 0 0 0 0 0 0 31 0 0 0 0 0 0 0 0 0 0 0 0 0 0 0 0 0 0 0 0 0 0 0 0 0 0 0 16 0 140 0 0 0 0 0 0 0 0 2 0 0 0 0 2 0 0 112 12 0 8 114 0 6 0 1 0 0 14 42 17 0 0 4 0 0 0 0 0 3 0 13 59 39 0 0 0 0 0 0 0 0 0 0 0 25 0 0 0 0 0 0 0 0 0 0 0 0 0 0 0 0 0 0 0 0 1 0 0 0 0 0 0 0 0 0 0 0 0 0 0 6 40 56 8 9 70 0 0 0 0 0 0 0 0 0 0 0 0 0 0 0 0 0 0 0 0 0 0 0 0 0 0 0 0 0 0 0 0 0 0 0 0 0 0 0 0 0 0 0 0 0 0 0 0 0 0 0 0 0 0 0 0 0 0 0 0 0 0 0 0 0 0 0 0 0 0 0 0 0 0 0 0 0 0 0 5 0 0 0 0 0 0 0 0 0 6 0 0 0 0 0 0 0 0 0 0 0 0 0 0 0 0 0 0 46 0 0 158 0 0 0 0 0 0 0 0 0 0 0 0 0 0 0 0 0 0 39 0 0 0 0 0 127 37 0 20 2 0 0 0 0 0 0 0 0 0 0 0 2 0 0 0 0 0 0 28 0 0 0 0 0 0 0 33 10 0 0 0 0 0 0 0 0 0 0 0 71 0 0 0 0 0 0 87 0 0 0 0 0 0 0 0 0 0 0 0 0 0 1 0 0 0 0 0 0 0 0 0 0 241 0 0 0 0 0 0 0 0 0 0 0 0 0 0 0 0 0 0 0 0 7 0 0 0 0 0 351 160 48 83 0 0 0 0 0 0 12 0 0 0 0 0 20 0 0 0 202 3 4 0 0 0 0 0 0 18 0 0 0 0 0 0 0 0 0 0 0 0 0 0 0 0 76 0 0 0 0 0 0 0 0 0 0 0 0 0 0 31 0 0 52 0 0 0 0 12 0 0 0 0 0 0 0 0 40 0 0 0 0 0 0 0 0 0 0 0 0 0 0 0 0 0 14 0 0 0 0 0 0 155 4 0 0 0 0 0 
Printing Sanity2
Heartbeat CPU 0 instructions: 10000003 cycles: 2953518 heartbeat IPC: 3.38579 cumulative IPC: 3.38579 (Simulation time: 0 hr 0 min 22 sec) 
Heartbeat CPU 0 instructions: 20000000 cycles: 5946708 heartbeat IPC: 3.34092 cumulative IPC: 3.36321 (Simulation time: 0 hr 0 min 45 sec) 
Heartbeat CPU 0 instructions: 30000001 cycles: 8940861 heartbeat IPC: 3.33984 cumulative IPC: 3.35538 (Simulation time: 0 hr 1 min 8 sec) 
*** Reached end of trace for Core: 0 Repeating trace: traces/spec2k17/srv_43.champsimtrace.xz
Heartbeat CPU 0 instructions: 40000001 cycles: 11932418 heartbeat IPC: 3.34274 cumulative IPC: 3.35221 (Simulation time: 0 hr 1 min 31 sec) 
Heartbeat CPU 0 instructions: 50000003 cycles: 14925128 heartbeat IPC: 3.34145 cumulative IPC: 3.35006 (Simulation time: 0 hr 1 min 54 sec) 

Warmup complete CPU 0 instructions: 50000003 cycles: 14925128 (Simulation time: 0 hr 1 min 54 sec) 

Heartbeat CPU 0 instructions: 60000000 cycles: 46703898 heartbeat IPC: 0.314675 cumulative IPC: 0.314675 (Simulation time: 0 hr 2 min 31 sec) 
*** Reached end of trace for Core: 0 Repeating trace: traces/spec2k17/srv_43.champsimtrace.xz
Heartbeat CPU 0 instructions: 70000000 cycles: 78358758 heartbeat IPC: 0.315907 cumulative IPC: 0.31529 (Simulation time: 0 hr 3 min 8 sec) 
Heartbeat CPU 0 instructions: 80000003 cycles: 110118934 heartbeat IPC: 0.31486 cumulative IPC: 0.315147 (Simulation time: 0 hr 3 min 45 sec) 
Heartbeat CPU 0 instructions: 90000003 cycles: 141899979 heartbeat IPC: 0.314653 cumulative IPC: 0.315023 (Simulation time: 0 hr 4 min 22 sec) 
*** Reached end of trace for Core: 0 Repeating trace: traces/spec2k17/srv_43.champsimtrace.xz
Heartbeat CPU 0 instructions: 100000003 cycles: 173532098 heartbeat IPC: 0.316134 cumulative IPC: 0.315245 (Simulation time: 0 hr 4 min 59 sec) 
Heartbeat CPU 0 instructions: 110000000 cycles: 205168508 heartbeat IPC: 0.316091 cumulative IPC: 0.315385 (Simulation time: 0 hr 5 min 36 sec) 
Heartbeat CPU 0 instructions: 120000003 cycles: 236922262 heartbeat IPC: 0.314923 cumulative IPC: 0.315319 (Simulation time: 0 hr 6 min 13 sec) 
*** Reached end of trace for Core: 0 Repeating trace: traces/spec2k17/srv_43.champsimtrace.xz
Heartbeat CPU 0 instructions: 130000002 cycles: 268515930 heartbeat IPC: 0.316519 cumulative IPC: 0.315469 (Simulation time: 0 hr 6 min 50 sec) 
Heartbeat CPU 0 instructions: 140000002 cycles: 300280043 heartbeat IPC: 0.314821 cumulative IPC: 0.315397 (Simulation time: 0 hr 7 min 27 sec) 
Heartbeat CPU 0 instructions: 150000003 cycles: 331817090 heartbeat IPC: 0.317087 cumulative IPC: 0.315565 (Simulation time: 0 hr 8 min 5 sec) 
*** Reached end of trace for Core: 0 Repeating trace: traces/spec2k17/srv_43.champsimtrace.xz
Heartbeat CPU 0 instructions: 160000000 cycles: 363494394 heartbeat IPC: 0.315683 cumulative IPC: 0.315576 (Simulation time: 0 hr 8 min 42 sec) 
Heartbeat CPU 0 instructions: 170000000 cycles: 395227320 heartbeat IPC: 0.31513 cumulative IPC: 0.315539 (Simulation time: 0 hr 9 min 19 sec) 
Heartbeat CPU 0 instructions: 180000000 cycles: 426861148 heartbeat IPC: 0.316117 cumulative IPC: 0.315583 (Simulation time: 0 hr 9 min 56 sec) 
*** Reached end of trace for Core: 0 Repeating trace: traces/spec2k17/srv_43.champsimtrace.xz
Heartbeat CPU 0 instructions: 190000002 cycles: 458511192 heartbeat IPC: 0.315955 cumulative IPC: 0.31561 (Simulation time: 0 hr 10 min 34 sec) 
Heartbeat CPU 0 instructions: 200000001 cycles: 490204594 heartbeat IPC: 0.315523 cumulative IPC: 0.315604 (Simulation time: 0 hr 11 min 11 sec) 
Heartbeat CPU 0 instructions: 210000002 cycles: 521807138 heartbeat IPC: 0.31643 cumulative IPC: 0.315655 (Simulation time: 0 hr 11 min 49 sec) 
*** Reached end of trace for Core: 0 Repeating trace: traces/spec2k17/srv_43.champsimtrace.xz
Heartbeat CPU 0 instructions: 220000000 cycles: 553487114 heartbeat IPC: 0.315657 cumulative IPC: 0.315655 (Simulation time: 0 hr 12 min 26 sec) 
Heartbeat CPU 0 instructions: 230000000 cycles: 585197481 heartbeat IPC: 0.315354 cumulative IPC: 0.315639 (Simulation time: 0 hr 13 min 4 sec) 
Heartbeat CPU 0 instructions: 240000000 cycles: 616748755 heartbeat IPC: 0.316944 cumulative IPC: 0.315707 (Simulation time: 0 hr 13 min 41 sec) 
*** Reached end of trace for Core: 0 Repeating trace: traces/spec2k17/srv_43.champsimtrace.xz
Heartbeat CPU 0 instructions: 250000000 cycles: 648431099 heartbeat IPC: 0.315633 cumulative IPC: 0.315703 (Simulation time: 0 hr 14 min 18 sec) 
Finished CPU 0 instructions: 200000001 cycles: 633505972 cumulative IPC: 0.315703 (Simulation time: 0 hr 14 min 18 sec) 

ChampSim completed all CPUs

Region of Interest Statistics

CPU 0 cumulative IPC: 0.315703 instructions: 200000001 cycles: 633505972
ITLB TOTAL     ACCESS:   34803173  HIT:   33157572  MISS:    1645601  HIT %:    95.2717  MISS %:    4.72831   MPKI: 8.228
ITLB LOAD TRANSLATION ACCESS:   34803173  HIT:   33157572  MISS:    1645601  HIT %:    95.2717  MISS %:    4.72831   MPKI: 8.228
ITLB PREFETCH  REQUESTED:          0  ISSUED:          0  USEFUL:          0  USELESS:          0
ITLB USEFUL LOAD PREFETCHES:          0 PREFETCH ISSUED TO LOWER LEVEL:          0  ACCURACY: -nan
ITLB TIMELY PREFETCHES:          0 LATE PREFETCHES: 0 DROPPED PREFETCHES: 0
ITLB PREFETCHES SAME FILL-ORIGIN LEVEL: 0 DIFFERENT FILL-ORIGIN LEVEL: 0
ITLB AVERAGE MISS LATENCY: 9.84374 cycles
ITLB RQ	ACCESS:   40718990	FORWARD:          0	MERGED:    5425114	TO_CACHE:   35293876

DTLB TOTAL     ACCESS:   45899918  HIT:   44087926  MISS:    1811992  HIT %:    96.0523  MISS %:     3.9477   MPKI: 9.05996
DTLB LOAD TRANSLATION ACCESS:   45899918  HIT:   44087926  MISS:    1811992  HIT %:    96.0523  MISS %:     3.9477   MPKI: 9.05996
DTLB PREFETCH  REQUESTED:          0  ISSUED:          0  USEFUL:          0  USELESS:          0
DTLB USEFUL LOAD PREFETCHES:          0 PREFETCH ISSUED TO LOWER LEVEL:          0  ACCURACY: -nan
DTLB TIMELY PREFETCHES:          0 LATE PREFETCHES: 0 DROPPED PREFETCHES: 0
DTLB PREFETCHES SAME FILL-ORIGIN LEVEL: 0 DIFFERENT FILL-ORIGIN LEVEL: 0
DTLB AVERAGE MISS LATENCY: 12.2307 cycles
DTLB RQ	ACCESS:   61017093	FORWARD:          0	MERGED:   15002012	TO_CACHE:   46015081

STLB TOTAL     ACCESS:   29834527  HIT:   29708153  MISS:     126374  HIT %:    99.5764  MISS %:   0.423583   MPKI: 0.63187
STLB LOAD TRANSLATION ACCESS:    3457593  HIT:    3338898  MISS:     118695  HIT %:    96.5671  MISS %:    3.43288   MPKI: 0.593475
STLB TRANSLATION FROM L1D PREFETCHER ACCESS:   26376934  HIT:   26369255  MISS:       7679  HIT %:    99.9709  MISS %:  0.0291126   MPKI: 0.038395
STLB PREFETCH  REQUESTED:          0  ISSUED:          0  USEFUL:       7158  USELESS:        523
STLB USEFUL LOAD PREFETCHES:       7158 PREFETCH ISSUED TO LOWER LEVEL:          0  ACCURACY: inf
STLB TIMELY PREFETCHES:       7158 LATE PREFETCHES: 6 DROPPED PREFETCHES: 1535135
STLB PREFETCHES SAME FILL-ORIGIN LEVEL: 0 DIFFERENT FILL-ORIGIN LEVEL: 0
STLB AVERAGE MISS LATENCY: 59.6112 cycles
STLB RQ	ACCESS:   36900074	FORWARD:          0	MERGED:    5400709	TO_CACHE:   31499365

STLB Hit, L1D data hit: 0
STLB Hit, L2C data hit: 0
STLB Hit, LLC data hit: 0
STLB Hit, LLC data miss: 0
STLB STLB hints to L2: 0
L1D TOTAL     ACCESS:   90431958  HIT:   81936368  MISS:    8495590  HIT %:    90.6055  MISS %:    9.39446   MPKI: 42.4779
L1D LOAD      ACCESS:   35325160  HIT:   31758320  MISS:    3566840  HIT %:    89.9028  MISS %:    10.0972   MPKI: 17.8342
L1D RFO       ACCESS:   23678184  HIT:   22510480  MISS:    1167704  HIT %:    95.0684  MISS %:    4.93156   MPKI: 5.83852
L1D PREFETCH  ACCESS:   31428614  HIT:   27667568  MISS:    3761046  HIT %:    88.0331  MISS %:    11.9669   MPKI: 18.8052
AGUS PREFETCH L1 MISS: 0
L1D PREFETCH  REQUESTED:   68928735  ISSUED:   68920806  USEFUL:     404230  USELESS:    3356843
L1D USEFUL LOAD PREFETCHES:     404230 PREFETCH ISSUED TO LOWER LEVEL:    3763325  ACCURACY: 10.7413
L1D TIMELY PREFETCHES:     404230 LATE PREFETCHES: 890 DROPPED PREFETCHES: 1861734
L1D PREFETCHES SAME FILL-ORIGIN LEVEL: 3763325 DIFFERENT FILL-ORIGIN LEVEL: 0
L1D AVERAGE MISS LATENCY: 89876.5 cycles
L1D RQ	ACCESS:   46546492	FORWARD:          0	MERGED:   10857606	TO_CACHE:   35486253
L1D WQ	ACCESS:   25869328	FORWARD:     215723	MERGED:     338488	TO_CACHE:   25530840
L1D PQ	ACCESS:   35478325	FORWARD:          0	MERGED:    2022754	TO_CACHE:   33442481

L1D UNIQUE REGIONS ACCESSED: 0
L1D REGIONS CONFLICTS: 0
L1D Cross Page Prefetch Requests: 10768540
L1D Same Page Prefetch Requests: 31590539
L1D ROI Sum of L1D PQ occupancy: 525426852
L1D PREFETCHES PUSHED FROM L2C: 0
L1I TOTAL     ACCESS:   39412849  HIT:   30974401  MISS:    8438448  HIT %:    78.5896  MISS %:    21.4104   MPKI: 42.1922
L1I LOAD      ACCESS:   39412849  HIT:   30974401  MISS:    8438448  HIT %:    78.5896  MISS %:    21.4104   MPKI: 42.1922
L1I PREFETCH  REQUESTED:          0  ISSUED:          0  USEFUL:          0  USELESS:          0
L1I USEFUL LOAD PREFETCHES:          0 PREFETCH ISSUED TO LOWER LEVEL:          0  ACCURACY: -nan
L1I TIMELY PREFETCHES:          0 LATE PREFETCHES: 0 DROPPED PREFETCHES: 0
L1I PREFETCHES SAME FILL-ORIGIN LEVEL: 0 DIFFERENT FILL-ORIGIN LEVEL: 0
L1I AVERAGE MISS LATENCY: 23.5502 cycles
L1I RQ	ACCESS:   60040941	FORWARD:          0	MERGED:   19321951	TO_CACHE:   40718990

BTB TOTAL     ACCESS:   29897603  HIT:   19967868  MISS:    9929735  HIT %:    66.7875  MISS %:    33.2125   MPKI: 49.6487
BTB BRANCH_DIRECT_JUMP	ACCESS:    2615827  HIT:    1794124  MISS:     821703
BTB BRANCH_INDIRECT	ACCESS:   12513602  HIT:    8361778  MISS:    4151824
BTB BRANCH_CONDITIONAL	ACCESS:    6697250  HIT:    5806240  MISS:     891010
BTB BRANCH_DIRECT_CALL	ACCESS:    3083799  HIT:    1615768  MISS:    1468031
BTB BRANCH_INDIRECT_CALL	ACCESS:     951675  HIT:     669300  MISS:     282375
BTB BRANCH_RETURN	ACCESS:    4035450  HIT:    1720658  MISS:    2314792
BTB BRANCH_OTHER ACCESS:          0  HIT:          0  MISS:          0

L2C TOTAL     ACCESS:   22032507  HIT:   15808601  MISS:    6223906  HIT %:    71.7513  MISS %:    28.2487   MPKI: 31.1195
L2C LOAD      ACCESS:   12004392  HIT:    8161338  MISS:    3843054  HIT %:    67.9863  MISS %:    32.0137   MPKI: 19.2153
L2C DATA LOAD MPKI: 6.10807
L2C INSTRUCTION LOAD MPKI: 13.1072
L2C RFO       ACCESS:    1166198  HIT:     589655  MISS:     576543  HIT %:    50.5622  MISS %:    49.4378   MPKI: 2.88271
L2C PREFETCH  ACCESS:    3763293  HIT:    2168566  MISS:    1594727  HIT %:    57.6242  MISS %:    42.3758   MPKI: 7.97363
AGUS PREFETCH L1 MISS: 0
L2C DATA PREFETCH MPKI: 7.97363
L2C INSTRUCTION PREFETCH MPKI: 0
L2C WRITEBACK ACCESS:    2320817  HIT:    2240650  MISS:      80167  HIT %:    96.5457  MISS %:    3.45426   MPKI: 0.400835
L2C LOAD TRANSLATION ACCESS:     208025  HIT:     117758  MISS:      90267  HIT %:    56.6076  MISS %:    43.3924   MPKI: 0.451335
L2C TRANSLATION FROM L1D PREFETCHER ACCESS:    2569782  HIT:    2530634  MISS:      39148  HIT %:    98.4766  MISS %:     1.5234   MPKI: 0.19574
L2C PREFETCH  REQUESTED:          0  ISSUED:          0  USEFUL:     108188  USELESS:    1525676
L2C USEFUL LOAD PREFETCHES:     108188 PREFETCH ISSUED TO LOWER LEVEL:    1594728  ACCURACY: 6.7841
L2C TIMELY PREFETCHES:     108188 LATE PREFETCHES: 0 DROPPED PREFETCHES: 0
L2C PREFETCHES SAME FILL-ORIGIN LEVEL: 0 DIFFERENT FILL-ORIGIN LEVEL: 0
L2C AVERAGE MISS LATENCY: 35.3802 cycles
L2C RQ	ACCESS:   15948521	FORWARD:          0	MERGED:          0	TO_CACHE:   15948397
L2C WQ	ACCESS:    2320817	FORWARD:        155	MERGED:          0	TO_CACHE:    2320817
L2C PQ	ACCESS:    3763325	FORWARD:          0	MERGED:          0	TO_CACHE:    3763294

L2C Instructions Evicting Data 1322946
L2C Translations Evicting Data 86406
L2C Data Evicting Data 2010788
L2C Instructions Evicting Instructions 1257529
L2C Translations Evicting Instructions 39958
L2C Data Evicting Instructions 1299339
L2C Instructions Evicting Translations 40964
L2C Translations Evicting Translations 3051
L2C Data Evicting Translations 82758
L2C Dense regions hint from L2: 0
PSCL5 TOTAL     ACCESS:    1661509  HIT:    1661509  MISS:          0  HIT %:        100  MISS %:          0   MPKI: 0
PSCL5 LOAD TRANSLATION ACCESS:     118689  HIT:     118689  MISS:          0  HIT %:        100  MISS %:          0   MPKI: 0
PSCL5 TRANSLATION FROM L1D PREFETCHER ACCESS:    1542820  HIT:    1542820  MISS:          0  HIT %:        100  MISS %:          0   MPKI: 0
PSCL5 PREFETCH  REQUESTED:          0  ISSUED:          0  USEFUL:          0  USELESS:          0
PSCL5 USEFUL LOAD PREFETCHES:          0 PREFETCH ISSUED TO LOWER LEVEL:          0  ACCURACY: -nan
PSCL5 TIMELY PREFETCHES:          0 LATE PREFETCHES: 0 DROPPED PREFETCHES: 0
PSCL5 PREFETCHES SAME FILL-ORIGIN LEVEL: 0 DIFFERENT FILL-ORIGIN LEVEL: 0

PSCL4 TOTAL     ACCESS:    1430717  HIT:    1426646  MISS:       4071  HIT %:    99.7155  MISS %:   0.284543   MPKI: 0.020355
PSCL4 LOAD TRANSLATION ACCESS:     109155  HIT:     105084  MISS:       4071  HIT %:    96.2704  MISS %:    3.72956   MPKI: 0.020355
PSCL4 TRANSLATION FROM L1D PREFETCHER ACCESS:    1321562  HIT:    1321562  MISS:          0  HIT %:        100  MISS %:          0   MPKI: 0
PSCL4 PREFETCH  REQUESTED:          0  ISSUED:          0  USEFUL:          0  USELESS:          0
PSCL4 USEFUL LOAD PREFETCHES:          0 PREFETCH ISSUED TO LOWER LEVEL:          0  ACCURACY: -nan
PSCL4 TIMELY PREFETCHES:          0 LATE PREFETCHES: 0 DROPPED PREFETCHES: 0
PSCL4 PREFETCHES SAME FILL-ORIGIN LEVEL: 0 DIFFERENT FILL-ORIGIN LEVEL: 0

PSCL3 TOTAL     ACCESS:    1266067  HIT:    1242093  MISS:      23974  HIT %:    98.1064  MISS %:    1.89358   MPKI: 0.11987
PSCL3 LOAD TRANSLATION ACCESS:     112962  HIT:      88988  MISS:      23974  HIT %:    78.7769  MISS %:    21.2231   MPKI: 0.11987
PSCL3 TRANSLATION FROM L1D PREFETCHER ACCESS:    1153105  HIT:    1153105  MISS:          0  HIT %:        100  MISS %:          0   MPKI: 0
PSCL3 PREFETCH  REQUESTED:          0  ISSUED:          0  USEFUL:          0  USELESS:          0
PSCL3 USEFUL LOAD PREFETCHES:          0 PREFETCH ISSUED TO LOWER LEVEL:          0  ACCURACY: -nan
PSCL3 TIMELY PREFETCHES:          0 LATE PREFETCHES: 0 DROPPED PREFETCHES: 0
PSCL3 PREFETCHES SAME FILL-ORIGIN LEVEL: 0 DIFFERENT FILL-ORIGIN LEVEL: 0

PSCL2 TOTAL     ACCESS:     940737  HIT:     875723  MISS:      65014  HIT %:     93.089  MISS %:    6.91096   MPKI: 0.32507
PSCL2 LOAD TRANSLATION ACCESS:     121423  HIT:      56409  MISS:      65014  HIT %:    46.4566  MISS %:    53.5434   MPKI: 0.32507
PSCL2 TRANSLATION FROM L1D PREFETCHER ACCESS:     819314  HIT:     819314  MISS:          0  HIT %:        100  MISS %:          0   MPKI: 0
PSCL2 PREFETCH  REQUESTED:          0  ISSUED:          0  USEFUL:          0  USELESS:          0
PSCL2 USEFUL LOAD PREFETCHES:          0 PREFETCH ISSUED TO LOWER LEVEL:          0  ACCURACY: -nan
PSCL2 TIMELY PREFETCHES:          0 LATE PREFETCHES: 0 DROPPED PREFETCHES: 0
PSCL2 PREFETCHES SAME FILL-ORIGIN LEVEL: 0 DIFFERENT FILL-ORIGIN LEVEL: 0

LLC TOTAL     ACCESS:    7176707  HIT:    6943596  MISS:     233111  HIT %:    96.7518  MISS %:    3.24816   MPKI: 1.16555
LLC LOAD      ACCESS:    3843053  HIT:    3732398  MISS:     110655  HIT %:    97.1206  MISS %:    2.87935   MPKI: 0.553275
LLC RFO       ACCESS:     576530  HIT:     531977  MISS:      44553  HIT %:    92.2722  MISS %:    7.72779   MPKI: 0.222765
LLC PREFETCH  ACCESS:    1594727  HIT:    1524938  MISS:      69789  HIT %:    95.6238  MISS %:    4.37623   MPKI: 0.348945
AGUS PREFETCH L1 MISS: 0
LLC WRITEBACK ACCESS:    1032982  HIT:    1032569  MISS:        413  HIT %:      99.96  MISS %:  0.0399813   MPKI: 0.002065
LLC LOAD TRANSLATION ACCESS:      90267  HIT:      83788  MISS:       6479  HIT %:    92.8224  MISS %:     7.1776   MPKI: 0.032395
LLC TRANSLATION FROM L1D PREFETCHER ACCESS:      39148  HIT:      37926  MISS:       1222  HIT %:    96.8785  MISS %:    3.12149   MPKI: 0.00611
LLC PREFETCH  REQUESTED:          0  ISSUED:          0  USEFUL:       3944  USELESS:      66842
LLC USEFUL LOAD PREFETCHES:       3944 PREFETCH ISSUED TO LOWER LEVEL:      69790  ACCURACY: 5.65124
LLC TIMELY PREFETCHES:       3944 LATE PREFETCHES: 0 DROPPED PREFETCHES: 0
LLC PREFETCHES SAME FILL-ORIGIN LEVEL: 0 DIFFERENT FILL-ORIGIN LEVEL: 0
LLC AVERAGE MISS LATENCY: 153.96 cycles
LLC RQ	ACCESS:    4549012	FORWARD:          0	MERGED:          0	TO_CACHE:    4548998
LLC WQ	ACCESS:    1032983	FORWARD:         14	MERGED:          0	TO_CACHE:    1032983
LLC PQ	ACCESS:    1594728	FORWARD:          0	MERGED:          0	TO_CACHE:    1594728

LLC Dense regions hint to LLC: 0

RAW hits: 3237022
Loads Generated: 49783514
Loads sent to L1D: 46546492
Stores Generated: 25869307
Stores sent to L1D: 25869328
Major fault: 0 Minor fault: 4436
Allocated PAGES: 4436
ucb ended
-----------------------------------------------------------------------------------------------------------------------------------------------------------------------------------------------------
Offsets elements: -104 22476 -2200619310718 2200619288196 16 20 1 -1365803 1365766 104 10174584 -34 -11540420 -1 11540455 -11540453 1365763 -1365764 2 -3 11539160 -11539156 11539157 11539155 11539156 -11539157 1388544 10150613 -11539160 -11539159 3 11539158 -11539158 -2 1365780 -318247 -1047536 1367242 -1367243 1316412 -38658 -2200619325626 2200618047874 -11404435 12418091 -2200619061148 2200606643057 12418092 4 -4 -1013664 1013665 -1013665 1277753 -1277753 5 1367696 -1367705 9 1277748 -1277757 8 -7 1365775 -1365757 -2200617965240 33466 -10093 2200617941862 -2200617931770 2200617931772 1365746 -1365744 1365743 37 -1365787 -1365742 11538438 -11538438 1365742 -1365737 -288223781547781171 -52 849725394 -849725392 849797064 -1465996233040 1465996233040 -1465972455025 -23775825 23759025 -23758161 -2900 1465996224600 -849788729 -49 288223781559319929 -10172971 -2200619447951 2200619447951 23 318247 319706 -50827 -1277744 1277744 -1277746 -11404441 12682185 -2200619325241 2200618047500 12418088 -1013647 1013649 -1013663 1013664 -11 -1013662 1512936 -1512935 11404443 1512930 -1512934 1512932 -1512932 1512933 962521 -962521 -12 1512939 -1512939 1512935 -499280 499279 -1512936 1013661 -6 -11404438 11404439 -11404443 12682184 -1277743 -50 -1465146435975 1465146435979 849797061 -849797064 -1465146436315 455 10515 1465146425397 849788470 -849788519 -1465122662185 -21 112 -23773885 -1465996232929 1465996161239 71690 -71345 66384 -849792102 1465146435977 -1465972459155 1465971460838 -848798746 -1465146558802 122337 1465995185152 -1465971410878 -14 -23773796 23773796 -23751809 -11472 -10726 22151 -21837 29529 -11781 -17911 1465996224542 -1465996224724 29874 -7730 1465146414110 848798705 -1465995235026 22199 1465995212827 -1465995234760 21953 1465995212849 -19 -1465995224123 1465995224141 -1465995225069 1465995225067 -18 -848798778 -1465146436477 3560 1465146432916 -1465146432147 -4167 3412 -3074 -229 1465996233269 -1465996232921 1465996161231 -8 71698 4961 -1465996232914 23773877 -125 -23773752 1465122661975 -1465146436121 621 23773398 -23773399 17388 -17748 1465146435909 -1465996224730 -21963 21962 1465995212815 43 -1465995212821 1465146414023 -1465146407089 1465146407091 -1465122662121 -23773933 23778090 864 1465146432924 -1465122662119 1465122662120 -1465122662120 1465122662122 -1465122662122 12345 -12346 4162 -23778020 23778020 1465972455020 -1465996233115 288223781559319880 499283 -962524 -1512937 -499283 499281 -499281 -1013655 1512940 -147185 147184 -1512938 1512938 -499268 -10 339432 191602 -1544717 1530790 -26 15 -1530776 1530766 10 10007681 -2200629503697 13 -13 2200629504003 -3072 1652 -11537343 11537378 -10006598 -15 10006613 -2200629502605 2448 2200617962774 -2200617962775 2200629500155 -11537380 -2200617965218 2200619495997 10006601 -10006612 -2200619610386 2200619610400 2157 -2157 10006610 -10004450 10006607 -10006611 2158 -2158 2156 -2156 -1530774 1530772 2159 -2132 10006547 -10006614 30 2129 -2200619498165 2200617965236 11537159 -10004229 -2200619493956 2200619496113 -1532930 1532930 -2160 -498932 10503351 -10503351 10503381 -33 32 -10503350 498932 10004419 -10503349 498934 10004417 -1107609 1107611 -2200618997183 2200629500535 10503349 -11537347 10006612 -2200619610371 115164 -115167 2200629616988 -2200629501825 2200629502902 -2200629502902 29647 -144879 114457 885 -885 -114457 2200617965215 11537380 -2200629501821 2200629501823 1530768 10006614 -2200629616999 2200629616997 -11537381 11537379 -35 -10006553 -1530789 1544715 -1544714 1353112 -1353110 1013675 -1013674 1013678 -1013677 -550401 550400 -3744601468 3739760511 -3739760511 3754629144 -11540620 -2200619477810 2200614636866 14868620 -3754628605 3754628605 3739759985 -3739759985 3743087988 -1013658 -11404439 1365745 -288223781547781221 50 -1465146435974 1465146435978 -849797063 -1465146436314 1465996213867 -849788470 -1465122662184 1465122662185 -1465146435978 1465146435981 849797059 -849797061 -23773860 1465146435982 849797058 -849797058 -1465122662152 -29 12376 -23789486 23777111 1465122662153 -1465122662151 49 40 -88 77 1465122657966 -1465146435998 -1465996222245 23763080 -97 -23773869 23773968 -23763384 23763384 -23751924 23751925 -23744236 1465146406304 -1465146418081 -849788550 -1465122662175 -23773770 345 -4962 -849792134 -1465146435944 1465146435946 849797094 -849797095 -1465122662106 -23755975 -849788549 -23773982 23773957 -23763031 -10644 1465994138814 -1465970365140 1465972450941 -1465972450941 1465122662211 -78 -1465122662131 -23773682 23773681 -41 -23773798 40045 -28140 23761915 93 -55 -23773977 23773974 -23777114 3285 -1465996247342 13928 374 1465146435938 849797102 -1465996222242 -10798 -849797096 -1465146436288 23774220 -23878601 1465146540674 -1465146424264 1465146424300 -1465146435985 23773786 12419 1465972446835 -1465996229210 23782379 -12446 -23834950 23835124 1465122662006 -1465122660827 -23774991 23786079 -23786209 23773815 1465972459225 -1465996232901 1465994138816 -1465970365141 1465972450940 -1465972450940 1465122662210 -81 -23773683 23773682 1465122662132 -989740 -1465995234629 23774991 1465971459634 -848798813 -1465146435943 1465146435942 -1465122662112 1465972459208 -1465972459265 -23773775 -1465122662115 1465972459211 -1465996233427 23774158 1465122662178 -1465146439234 23777162 -106 -23763082 23763084 -23775647 1465994803661 -1465971028014 -23753195 23753196 -1238 1465122662062 -1465146435826 1465146435830 -1465122662178 -23 174 1179 -23899193 23897854 1465122662174 -1465146435946 -1465972459168 -17 -92 196 -23773921 23773888 -23763148 23763181 -134 -56 1465122662160 -1465122662174 -23773937 23774065 1465122662045 23773975 1465972459065 -1465972459126 -23762212 23762201 -140 -23775429 145 1465146436109 -1465122662039 -23775284 -105402 23879472 1234 -1206 -30 1228 -23775601 588 -1465122662265 1180 -1179 -24 1465122662028 -1465122662042 1465122662043 1465972459066 -1465972459270 165 -23774102 23774129 -23878615 23878627 -23773974 -1465996233414 10797 1465996222243 -1465122661978 1465972459076 -1465122661980 1465122661979 1465146435944 849797096 -849797097 -1465146436317 11171 1465146425147 -1465146435876 -68 -1465996222444 -10596 -849797131 -1465122661936 -171 -1465972459164 1465122662074 -1465122662075 -90 -5 -23774108 4156 23769934 211 -211 134 -172 1465996233212 -1465996219290 -112492 23872716 -84 63 1465122661998 -1465146435951 23773890 1465972459254 -849797088 -1465146432122 -109404 1465146541525 -1465122660836 -23733460 -37825 1465146432120 -1465122660835 -23880690 147238 1465146394287 -1465146432119 23771284 -23733451 1465146394286 1465122660835 -1465146394287 23733452 -1465146394286 23733451 -23733452 -1465146435953 1465146435952 849797088 -1465996233301 11963 23763415 -23880663 -9 23880672 -23880672 -23880597 -85 86 23880586 1465146541506 -1465146450274 1465146450274 -1465146526981 23864903 -23879431 23879432 -23771286 37826 23733460 -23789440 14323 1465146435807 -1465146394150 1465146394148 849797236 -849797231 -1465146435809 1465146435808 849797233 -849797087 -141 -1465146538926 1465146538930 -1465146538597 2011 23874745 1465146435953 -1465146534694 23872527 1465122662166 -1465996338613 1465146541526 23771286 -1465146394295 -23771285 -37832 -1465146541525 147239 1465146394289 -1465146435954 23775117 1465972457923 1465146436213 -29963 -23880646 23880635 1465122660834 -1465146541359 1465146541326 1465146435809 144 -1465146541470 1465996338556 -1465996338556 23879392 -23788344 1465146450276 -1465146538921 258 1465146538684 -1465146534718 -4184 -87 1465146538974 66 -63 -1465146538930 168 -91 29 4136 164 -4376 238 1465146538725 -67 -1465146538996 1465146538996 -1465146538778 -149 70 1465146538845 -1465146538606 4088 -4157 2012 2146 -175 1465146534675 -1465146538887 1465146539041 -1465146538826 1465146538762 -1465146538853 23877009 -23876556 23874711 -1465146432121 -102486 1465996331695 23880690 -37824 -23733459 -147231 1465122660836 -1465146394288 -23775117 -261 41927 -1465996221338 29963 -1465146435952 -105546 23880663 -849797089 -1465146541505 -1465122662189 -23879366 105554 -147 -1465146435681 1465996232914 -136 849797222 -849797230 -1465122661933 1285 -1284 1465122661941 -1465146537837 -155 1465146534712 -1465146538899 -83 1465146538968 -1465146538750 1465146538835 -1465146538591 4049 -162 -4195 1465146538882 68 -69 -1465146538965 -1465146538753 23876909 -23773786 -103032 23876985 1465996229209 -1465996333897 -4716 2705 23877985 -23873817 140357 1465146394295 -1465972457923 -1465146394294 1465146394297 -1465146541527 23879449 1465122661933 -1465146538935 4259 -3974 -226 1465146538899 51 -51 -1465146538982 23876913 -1465146436016 1465146435950 -1465122661880 1465122661878 -1465122661877 1465122661876 -1465122660698 -23763438 1465146424139 -191 1465146538958 -1465146538864 167 1465146536668 -1465146534428 1465146534639 -1465146538620 -270 1465146539048 -66 -1465146538764 1465146538768 234 2304 -4237 23874775 -23872463 23872526 1465122662165 -1465122660837 3833 -4094 23775378 1465996191382 29964 -147219 27 -105554 -1465996338582 1465146541493 1354 -1180 -23773812 849797087 -1465122661942 -1285 -1465122660647 -23775036 1465146435692 -1465146538927 968 1465146537978 -1465146535966 1407 -4187 215 1465146538753 -1465146538850 1465146538847 -1465146538818 4293 -4008 3846 1465146538901 -1465146538984 -1465146538642 23874790 -167 -98542 102373 -1465996191383 -147230 1465146541524 -1465122662078 4338 -4004 1465146538626 -1465146538901 1465122662071 -1465146538983 23877087 -23775410 153 1465146436024 -70 -1465146432494 1465146432497 -1465146436241 1465146436240 -1465146538866 166 1465146536669 -1465146534357 -246 -4280 1465146539035 -1465122662071 -23876698 23876941 -23872480 -4009 -275 1465146539043 -1465122661948 -23774409 23775589 -23775579 578 1465146425253 -1465146436051 1465996224665 1465122661871 -1465146435976 23775332 1465122660645 7 -1465122660652 1465122660650 -1465146538762 -182 23877100 -23876925 23876959 -1465146534493 -4285 2298 23872408 1465122662167 -3831 -105573 1465122660837 37825 -41665 1465996338613 -23763415 -117256 105546 147 1465146435826 -144 -1465122662046 1465122660690 849797231 -1465146435692 23775040 1465122660644 -1465146537796 1465146537800 -1465146535786 1465146535785 -71 -1465146534695 155 -4342 1465146538821 -1465146538867 312 3981 1465146538965 71 -23876922 -23876586 1465996333828 -102373 -7031 41657 1465996191383 -849797086 -1465146541524 1465122661932 26 -1465122662072 -23876889 23872725 -23876729 23877005 -23878267 1465146539036 -285 132 1465146436179 -1465146432566 1465146432498 2205 -2011 1465146538673 -1465146534377 216 -1465146538604 100285 -1465996323266 267 1465146534529 -1465146539100 23876922 1465122662121 -1465122661896 1465122661896 -1465122660717 1465122660649 -1465122660649 1465122660719 1465146538759 -4584 1465146538944 -1465146538641 1465146536630 -1465146534333 23872492 -23775378 4094 37824 -117275 19 1465146541498 -1354 23774992 -1465122661941 1465122661931 -1465146435682 1465146435683 -1465122660641 3142 -2012 3257 1465146534715 -1465146538902 341 -312 1465146538818 -1465146534525 1465146538902 -1465146538985 -1465146538615 1465146536603 -1465122661841 -23872432 23872495 3831 -1465146394297 23732219 -23879450 1465146541383 -23876913 3460 -3745 1465146436311 1465146538770 -20 -1465146538847 4296 263 2256 -267 98884 -103188 -1465146436305 1465146436306 -1465146425203 -1465972449333 1465122660863 -1465122660863 -1465122662051 -23876707 -1465122661881 1465122661877 69 -1465146538919 23878123 1465122660698 -23773953 -102827 1465146536767 -1465996331558 1465146534471 -1465146541526 23733461 1465146432119 1465146394288 -23775118 1465996191375 23775379 -23763416 -11702 -1465146541498 1465996338586 -1465996338576 1465146541489 -1465146435825 1465146435827 -1465122662190 -23773763 23773937 1465122662016 -1465122662015 849797232 -1465122660690 1465122661942 -23773751 23775046 -1295 1130 1465146535788 -1465146534540 -1465146538821 -3819 -376 -1465122662061 1465146536741 23880691 -1465146534597 1465146534623 59 -23876730 1465146538678 -1465122660718 -23775257 -153 -132 -72 1465146538750 1465146538903 -1465146538986 -1465146538584 1465146534336 -1465146534603 1465146534603 -1465146436358 102992 10798 849788664 -1402 1465122662052 -1465122661946 1465122661880 -1465146538759 23878061 -23878152 -120 -1465146534356 1465146534360 -1465146538644 1465146536631 -23733461 -109406 23733453 41666 1465972457922 23763416 -23880664 75 23880598 1465122660833 -1465146450285 -91221 23880673 14334 1465146435805 -1465146541398 39 1465146541363 -1465146541509 1465996338595 -1465146538915 1465146538935 -1465146538685 2034 231 1465146534388 1465146539045 -1465146538830 23876980 -23872359 -1465146538941 -23876686 23874737 23872432 -23771288 -109403 -1465146497138 23834950 -23773637 23773811 1465122660689 146 -145 -1465146435807 95 1465146435714 849797086 -1465122657720 1465122657729 -1465146538922 1465146538926 -1465146538180 1660 1465146534700 -1465122662073 -23876831 23877088 1465122660770 -1465146435887 23775175 1465972457865 -1465972457865 -23775175 1465146435810 849797223 -1465996233333 -1465146436104 3631 -106256 1465146538754 -1465146558991 1465146559009 -1465146538868 4315 -173 -4025 1465146538701 -1465146538883 18 -3992 -225 -93 1465146538989 -1465146538771 1465146538771 -1465146538854 178 4143 23872663 -23773890 -1465996229209 -1242 -23732219 23732220 4264 -4024 1465146538722 -1465146538914 1465146538914 -1465146539007 1465146539008 -1465146538775 1465146538772 4321 -4437 278 41 3945 -4217 1465146538966 21 -1465146538988 1465146538991 17 -1465146538794 1465146534677 -1465146538666 -228 -94 1465146538988 72 -1465146538845 1465146538776 -1465146538962 87 1465146534698 -1465146538653 -262 -1465146538773 1465146538773 458 1465146536492 -1465146534353 -259 -4060 -236 1465146538959 -1465122662052 -23876921 1465146538976 -1465146538761 1465146538779 -1465122661899 -23876973 4489 -4135 102449 -102610 -86 102991 1465146436054 -1465146436307 1465146436308 -1465146435720 -849788611 141 1465146538760 4265 -4609 -1465146538603 1465146536591 -23872390 23872286 1465146435951 1465996229210 -1465972457922 -23880691 37827 -102844 23836305 -1355 -1181 41539 -102852 23836304 -1465146435808 -1465122660689 -1465146435859 1465146435715 -1465122657725 1465146538924 -4204 1465146538905 -1465122662074 -23876914 -23773938 23775178 1465972457862 -1465972457862 -23775178 78 -1465122660639 -1465996233180 1465146436105 -122862 126493 1465146432499 -1465146538751 -96 1465146538840 -203 -1465146538755 -1465146538869 -3971 1465146538986 198 1465146538627 -23872579 23872642 23771287 147230 -192 1465146538915 -1465146539008 -1465146538858 1465146538825 4138 319 1465146538644 -22 -1465146534677 1465146538846 -53 -1465146538876 180 4141 -1465146538894 73 1465146538777 -1465146538963 -1465146534526 -4050 22 -1465146538795 -168 392 1859 259 -4319 1465146538831 -1465146538872 1465146538922 -1465146538777 100407 -109120 -273 1465146534790 -23876835 23877095 1465972450560 23775345 1465122660658 1465122660640 1465146538758 -1465146534332 -4265 -344 337 1465146536595 23879359 1332 -109405 -1465122660834 23771285 -1465146432120 -1465122660833 -23771287 -1465122660832 1465122660832 23771288 1465122660831 -1465146435827 -1465122660691 1465122660688 23773876 1465972459163 -23881190 1465146538919 -1465146538177 1465146536163 -1465146534506 -4205 1465146538904 -1465122661947 -127 -1465146435957 1465146436247 -139 -1465146436138 1465146436210 -1465146436046 23774095 -1465122661879 -23770618 1465146538751 -23878149 91 4223 1465146534504 23880693 -23775120 -1465146534671 1465146534699 -73 58 103 1465146538721 171 4144 1465146538990 -1465146534504 -4123 -314 -1465146539009 212 -183 -4264 47 151 1465146538695 -116 4437 -4223 4050 -3955 1465146538916 -1465146539010 1465146538854 -1465146536450 1465146538462 4609 1465146536766 -1465146534376 98290 -102600 103274 1465146425256 849788662 1415 -1241 1240 1465122660709 -1465122660770 1465146538607 -1465146536592 23874751 -98500 23872453 -23733463 23733463 -1465122660831 -1334 -23769954 -23771289 23771289 -1465122662188 23774994 1465122660830 -1465146435806 -1465146538173 1465146536165 23877041 1465122662191 -1465122662017 -23774231 -3642 1465146435973 -1465122661842 1465146435819 -1465122662033 -23876722 23876889 -106863 -2570 23880694 -23873810 1465146534641 -1465146538865 144569 -41657 4212 -4212 1465146538963 -1465146538648 3971 -4206 1465146538824 -1465146538844 1465146538775 -3950 1465146538649 -1465146538723 -1465146538776 -4138 -299 -3968 -249 1465146538749 -1465146538654 1465146538992 2491 3871 1465146538909 -1465146538973 1465146539047 -1465146538831 102563 -103006 111510 1465996327656 -1465972450735 -1465146435982 -1465122660636 4350 -4013 -283 1465146538887 -1465146538974 1465146538977 1465146534353 -1465146538625 1465146536613 -1465146534387 -4305 -1465146538870 1465146538841 -4010 23876561 23877096 -23774105 23775284 -23775609 1465146436378 23764560 1465122660626 849788681 -1465146436195 -1465122660619 -1428 -23876882 -1465122661865 4464 98542 -1465146394296 1465146394298 -105572 1465996338612 1465122661934 -1465146538923 4326 -4284 265 1465146538642 150 1465146536688 -1465146534316 1465146534583 -170 1465146538998 1465146538868 2214 -245 1465146534604 -272 1465146539042 -1465146538828 1465146538761 4487 -258 1465146534611 -1465146538718 23876647 1465146539040 -1465122661893 1465122661879 -1465146436134 1465146436134 -1465122660700 1465122660693 -1465122661843 -204 -23876715 1465146538763 12 -103035 1465996336046 -1465996234538 -97239 98886 -102804 1465996335844 -1465996233344 -102794 23876868 -23876975 23877113 -23773901 1465146435880 -1465146433726 1465146433727 849797159 -849797210 -1465122662010 -23773820 -1465122660616 1465122660619 -1465122660618 1465972457848 120 1272 1465122660793 -1465146435984 23775190 -23764529 23764529 -23765452 -57275 57274 23765454 -922 -57276 23822727 58198 -23765451 925 57275 1465146426097 -1465146426094 1465146426093 -1465146483369 23822728 -1399 1399 -1225 23775035 -1398 -23773819 23775043 -1227 -32 -131 -23775165 23775210 -1390 1465122661803 -1465122661909 -23774072 23775304 -23764342 23764428 -23773139 23773139 -54 1465122660642 -1465122660643 -23775162 1465146435804 -1465122660615 -1465122660645 -36 -23775129 -1465122660617 -23775497 1465996233344 -1465996235810 23776590 2154 23773011 1465972457875 -1465972457874 -2606 1465996235646 23775165 -1465146436114 304 23773820 -23771666 1465146433656 849797230 1465146435803 -1465122662040 1371 1465972457906 -1465122660676 -1197 48 -23775458 -3572 398 23775016 1465122660641 -1465146436109 1465146436110 -1465122660586 -23787423 23787423 -23775217 -1465972457823 1465122660593 1465996230886 -1465146435810 1465146435802 -849797237 -1465146435804 -1465122662035 1364 1465122660670 1465122661892 -23775161 23775169 -23775472 23776426 23773763 -1465972457906 1465122661865 -1465122660635 -23775308 23775369 -23774971 23775020 -23771846 -3627 307 -23786026 14360 -1465972459277 -1364 1465122662034 -1465122661891 1254 1465972457872 -1465972457879 11 -23775172 -23775475 -1465972459220 -23776426 4760 -2154 -1465122660632 -23775464 1465996233180 -1465146432483 23770443 1465972459102 -398 23775421 -23775476 -1465146448016 11902 1465972459270 1220 -23775171 1465122660635 23775172 -1465146438416 2606 -1465972457866 -57 23775026 -23775479 -11899 12206 -1465122662047 -23775134 -1465146436108 -849797234 -1465146435805 -1465122660631 1465122660632 -1465146433652 23773038 1465122660618 56 -23763488 23762118 94 -23775414 23776691 -23775177 -23776215 4549 23775181 1465122660629 -23775485 23774124 1465972459220 -1465996235435 1465146438205 -1465146433656 -47 -1465972457854 -23775183 -1465122660625 1465972457855 -1465996235511 2167 -1465122660624 -1421 -1348 -23770057 3830 23771351 -23775210 3861 1465996229208 -1465996294227 61326 10493 -71868 65069 38098 -32224 31344 -41976 9709 -10181 1465996222409 -849797012 23775410 -23765410 -5877 
Potential of Offsets elements: 28.5848 28.5848 28.5848 28.5848 227.585 54.5848 1137.58 28.5848 28.5848 48.5848 28.5848 155.585 28.5848 233.292 28.5848 28.5848 28.5848 28.5848 418.585 1290.58 28.5848 28.5848 28.5848 28.5848 28.5848 40.5848 185.585 28.5848 28.5848 28.5848 836.585 28.5848 28.5848 1085.58 28.5848 28.5848 28.5848 28.5848 28.5848 28.5848 28.5848 28.5848 28.5848 28.5848 28.5848 28.5848 28.5848 28.5848 533.585 956.585 28.5848 28.5848 28.5848 28.5848 28.5848 510.585 28.5848 28.5848 450.585 28.5848 28.5848 369.585 322.585 28.5848 28.5848 28.5848 28.5848 28.5848 28.5848 28.5848 28.5848 28.5848 28.5848 28.5848 93.5848 28.5848 28.5848 28.5848 28.5848 28.5848 28.5848 28.5848 69.5848 28.5848 28.5848 28.5848 224.585 840.585 28.5848 28.5848 28.5848 28.5848 28.5848 28.5848 28.5848 53.5848 28.5848 40.5848 33.5848 28.5848 154.585 28.5848 28.5848 28.5848 28.5848 28.5848 28.5848 28.5848 28.5848 28.5848 28.5848 28.5848 28.5848 28.5848 28.5848 28.5848 452.585 28.5848 28.5848 28.5848 28.5848 28.5848 28.5848 28.5848 28.5848 28.5848 28.5848 28.5848 202.585 28.5848 28.5848 28.5848 28.5848 28.5848 28.5848 28.5848 401.585 28.5848 28.5848 28.5848 28.5848 28.5848 41.5848 28.5848 28.5848 28.5848 28.5848 28.5848 28.5848 28.5848 28.5848 28.5848 28.5848 28.5848 76.5848 28.5848 28.5848 28.5848 28.5848 28.5848 28.5848 28.5848 28.5848 28.5848 28.5848 28.5848 28.5848 28.5848 28.5848 28.5848 28.5848 112.585 28.5848 28.5848 28.5848 28.5848 28.5848 28.5848 34.5848 28.5848 28.5848 28.5848 37.5848 28.5848 28.5848 28.5848 28.5848 28.5848 28.5848 28.5848 28.5848 28.5848 28.5848 28.5848 340.585 28.5848 28.5848 28.5848 28.5848 73.5848 28.5848 32.5848 28.5848 28.5848 28.5848 35.5848 28.5848 28.5848 37.5848 28.5848 28.5848 28.5848 307.585 28.5848 28.5848 56.5848 29.5848 46.5848 28.5848 28.5848 43.5848 28.5848 28.5848 28.5848 28.5848 32.5848 46.5848 28.5848 28.5848 32.5848 29.5848 72.5848 30.5848 28.5848 28.5848 28.5848 28.5848 28.5848 28.5848 28.5848 28.5848 28.5848 28.5848 28.5848 28.5848 28.5848 28.5848 28.5848 28.5848 28.5848 28.5848 28.5848 268.585 28.5848 28.5848 28.5848 28.5848 28.5848 28.5848 28.5848 28.5848 28.5848 28.5848 28.5848 28.5848 28.5848 28.5848 835.585 28.5848 28.5848 28.5848 28.5848 880.585 719.585 28.5848 28.5848 865.585 28.5848 28.5848 540.585 447.585 28.5848 28.5848 32.5848 28.5848 28.5848 28.5848 499.585 28.5848 28.5848 28.5848 28.5848 28.5848 28.5848 28.5848 28.5848 28.5848 28.5848 28.5848 28.5848 28.5848 28.5848 28.5848 28.5848 28.5848 28.5848 28.5848 28.5848 28.5848 28.5848 28.5848 28.5848 28.5848 38.5848 28.5848 28.5848 28.5848 64.5848 28.5848 28.5848 60.5848 30.5848 28.5848 28.5848 28.5848 28.5848 28.5848 33.5848 28.5848 28.5848 28.5848 28.5848 207.585 98.5848 28.5848 28.5848 28.5848 28.5848 28.5848 28.5848 28.5848 28.5848 28.5848 28.5848 28.5848 28.5848 28.5848 28.5848 28.5848 28.5848 28.5848 28.5848 34.5848 28.5848 28.5848 28.5848 28.5848 28.5848 28.5848 28.5848 28.5848 28.5848 28.5848 28.5848 28.5848 28.5848 28.5848 28.5848 28.5848 28.5848 38.5848 28.5848 28.5848 28.5848 28.5848 28.5848 28.5848 28.5848 28.5848 28.5848 28.5848 28.5848 28.5848 28.5848 28.5848 28.5848 28.5848 28.5848 28.5848 28.5848 28.5848 34.5848 28.5848 28.5848 28.5848 28.5848 28.5848 28.5848 28.5848 28.5848 47.5848 28.5848 28.5848 28.5848 28.5848 28.5848 28.5848 28.5848 28.5848 28.5848 28.5848 28.5848 28.5848 28.5848 28.5848 28.5848 28.5848 28.5848 269.585 28.5848 28.5848 28.5848 28.5848 28.5848 30.5848 50.5848 45.5848 120.585 28.5848 28.5848 28.5848 28.5848 37.5848 28.5848 28.5848 31.5848 28.5848 30.5848 28.5848 28.5848 28.5848 28.5848 28.5848 28.5848 28.5848 28.5848 28.5848 28.5848 28.5848 46.5848 28.5848 28.5848 28.5848 28.5848 28.5848 30.5848 28.5848 28.5848 28.5848 28.5848 28.5848 28.5848 28.5848 28.5848 96.5848 28.5848 28.5848 28.5848 64.5848 28.5848 28.5848 28.5848 28.5848 61.5848 121.585 28.5848 28.5848 28.5848 28.5848 28.5848 28.5848 28.5848 28.5848 28.5848 61.5848 28.5848 28.5848 28.5848 28.5848 28.5848 28.5848 80.5848 37.5848 28.5848 28.5848 28.5848 28.5848 28.5848 28.5848 28.5848 28.5848 28.5848 28.5848 28.5848 28.5848 28.5848 28.5848 28.5848 28.5848 28.5848 28.5848 28.5848 28.5848 28.5848 28.5848 29.5848 28.5848 28.5848 28.5848 28.5848 28.5848 28.5848 28.5848 28.5848 28.5848 28.5848 28.5848 28.5848 28.5848 29.5848 53.5848 28.5848 28.5848 28.5848 28.5848 28.5848 28.5848 36.5848 28.5848 34.5848 28.5848 28.5848 28.5848 28.5848 28.5848 28.5848 28.5848 28.5848 55.5848 28.5848 235.585 28.5848 28.5848 28.5848 28.5848 28.5848 28.5848 28.5848 1599.1 181.585 34.5848 31.5848 48.5848 30.5848 28.5848 34.5848 29.5848 28.5848 28.5848 28.5848 28.5848 28.5848 28.5848 28.5848 28.5848 28.5848 28.5848 66.5848 28.5848 112.585 28.5848 28.5848 28.5848 28.5848 28.5848 28.5848 28.5848 460.585 28.5848 28.5848 30.5848 28.5848 28.5848 28.5848 147.585 28.5848 28.5848 28.5848 28.5848 28.5848 28.5848 28.5848 28.5848 28.5848 28.5848 28.5848 28.5848 28.5848 28.5848 28.5848 28.5848 28.5848 28.5848 28.5848 28.5848 28.5848 28.5848 28.5848 48.5848 28.5848 70.5848 28.5848 28.5848 28.5848 28.5848 62.5848 28.5848 28.5848 28.5848 36.5848 305.585 28.5848 28.5848 28.5848 29.5848 28.5848 201.585 32.5848 28.5848 28.5848 28.5848 28.5848 72.5848 40.5848 29.5848 114.585 28.5848 28.5848 28.5848 28.5848 28.5848 28.5848 28.5848 28.5848 28.5848 28.5848 28.5848 28.5848 28.5848 28.5848 28.5848 28.5848 28.5848 28.5848 44.5848 28.5848 28.5848 28.5848 28.5848 28.5848 28.5848 28.5848 28.5848 64.5848 28.5848 28.5848 28.5848 223.585 28.5848 28.5848 28.5848 45.5848 36.5848 28.5848 28.5848 28.5848 28.5848 28.5848 28.5848 28.5848 28.5848 28.5848 28.5848 28.5848 28.5848 28.5848 28.5848 28.5848 28.5848 28.5848 28.5848 28.5848 28.5848 28.5848 28.5848 46.5848 28.5848 28.5848 28.5848 29.5848 28.5848 28.5848 28.5848 28.5848 28.5848 28.5848 28.5848 28.5848 28.5848 28.5848 28.5848 28.5848 28.5848 28.5848 28.5848 28.5848 28.5848 28.5848 28.5848 28.5848 28.5848 28.5848 28.5848 28.5848 28.5848 37.5848 28.5848 28.5848 28.5848 28.5848 28.5848 113.585 74.5848 33.5848 52.5848 28.5848 28.5848 64.5848 28.5848 78.5848 88.5848 28.5848 28.5848 52.5848 157.585 29.5848 33.5848 28.5848 28.5848 28.5848 32.5848 28.5848 28.5848 28.5848 208.585 412.585 28.5848 28.5848 30.5848 30.5848 28.5848 28.5848 28.5848 28.5848 28.5848 28.5848 28.5848 28.5848 28.5848 28.5848 28.5848 28.5848 28.5848 28.5848 28.5848 28.5848 28.5848 28.5848 28.5848 28.5848 28.5848 28.5848 32.5848 28.5848 28.5848 28.5848 28.5848 28.5848 28.5848 28.5848 28.5848 28.5848 28.5848 28.5848 35.5848 28.5848 78.5848 29.5848 28.5848 28.5848 28.5848 28.5848 28.5848 28.5848 28.5848 35.5848 28.5848 28.5848 50.5848 28.5848 28.5848 28.5848 28.5848 28.5848 82.5848 28.5848 28.5848 232.585 68.5848 28.5848 28.5848 28.5848 28.5848 28.5848 28.5848 28.5848 28.5848 28.5848 28.5848 28.5848 28.5848 28.5848 28.5848 40.5848 127.585 76.5848 108.585 78.5848 31.5848 64.5848 46.5848 28.5848 38.5848 28.5848 81.5848 203.585 28.5848 28.5848 31.5848 33.5848 28.5848 28.5848 28.5848 28.5848 28.5848 28.5848 28.5848 37.5848 28.5848 28.5848 49.5848 28.5848 28.5848 28.5848 28.5848 28.5848 28.5848 30.5848 28.5848 28.5848 38.5848 28.5848 28.5848 28.5848 28.5848 28.5848 28.5848 28.5848 28.5848 28.5848 28.5848 28.5848 28.5848 28.5848 274.585 28.5848 28.5848 28.5848 28.5848 28.5848 28.5848 28.5848 28.5848 28.5848 28.5848 28.5848 28.5848 28.5848 28.5848 28.5848 28.5848 28.5848 28.5848 68.5848 28.5848 28.5848 28.5848 28.5848 29.5848 28.5848 28.5848 28.5848 28.5848 28.5848 28.5848 118.585 28.5848 28.5848 28.5848 28.5848 28.5848 28.5848 28.5848 28.5848 28.5848 28.5848 28.5848 28.5848 28.5848 28.5848 52.5848 28.5848 29.5848 28.5848 28.5848 28.5848 28.5848 28.5848 38.5848 28.5848 100.585 34.5848 28.5848 36.5848 28.5848 28.5848 28.5848 28.5848 28.5848 29.5848 28.5848 31.5848 28.5848 28.5848 28.5848 30.5848 28.5848 28.5848 28.5848 42.5848 58.5848 28.5848 28.5848 576.585 28.5848 28.5848 28.5848 28.5848 28.5848 28.5848 28.5848 28.5848 28.5848 32.5848 28.5848 28.5848 31.5848 48.5848 28.5848 28.5848 28.5848 28.5848 28.5848 28.5848 28.5848 28.5848 28.5848 28.5848 28.5848 28.5848 28.5848 28.5848 28.5848 28.5848 28.5848 28.5848 28.5848 28.5848 952.585 28.5848 52.5848 28.5848 28.5848 28.5848 28.5848 28.5848 28.5848 57.5848 28.5848 28.5848 44.5848 28.5848 28.5848 34.5848 28.5848 28.5848 28.5848 28.5848 299.585 28.5848 28.5848 28.5848 28.5848 28.5848 28.5848 28.5848 28.5848 100.585 28.5848 28.5848 28.5848 28.5848 28.5848 28.5848 28.5848 38.5848 28.5848 28.5848 28.5848 34.5848 28.5848 28.5848 45.5848 92.5848 70.5848 28.5848 242.585 28.5848 209.585 28.5848 28.5848 28.5848 28.5848 28.5848 28.5848 28.5848 28.5848 28.5848 28.5848 28.5848 28.5848 160.585 28.5848 28.5848 28.5848 33.5848 28.5848 28.5848 28.5848 28.5848 28.5848 28.5848 28.5848 28.5848 28.5848 28.5848 28.5848 28.5848 28.5848 28.5848 28.5848 28.5848 28.5848 28.5848 28.5848 28.5848 28.5848 28.5848 28.5848 28.5848 28.5848 28.5848 28.5848 28.5848 28.5848 28.5848 78.5848 28.5848 28.5848 57.5848 28.5848 28.5848 28.5848 28.5848 28.5848 28.5848 28.5848 28.5848 28.5848 28.5848 28.5848 28.5848 28.5848 28.5848 256.585 28.5848 28.5848 28.5848 28.5848 28.5848 28.5848 28.5848 28.5848 28.5848 28.5848 28.5848 28.5848 28.5848 28.5848 28.5848 28.5848 28.5848 28.5848 28.5848 28.5848 28.5848 28.5848 28.5848 28.5848 28.5848 28.5848 28.5848 28.5848 28.5848 28.5848 28.5848 65.5848 29.5848 34.5848 28.5848 28.5848 28.5848 192.585 28.5848 28.5848 47.5848 28.5848 28.5848 28.5848 28.5848 64.5848 28.5848 28.5848 28.5848 28.5848 28.5848 28.5848 155.585 28.5848 28.5848 28.5848 28.5848 28.5848 28.5848 28.5848 28.5848 28.5848 28.5848 28.5848 28.5848 28.5848 28.5848 28.5848 28.5848 28.5848 28.5848 224.585 28.5848 28.5848 28.5848 28.5848 28.5848 28.5848 28.5848 28.5848 28.5848 28.5848 28.5848 93.5848 28.5848 28.5848 28.5848 28.5848 28.5848 28.5848 28.5848 28.5848 241.585 28.5848 28.5848 28.5848 28.5848 28.5848 28.5848 28.5848 28.5848 28.5848 28.5848 28.5848 28.5848 28.5848 28.5848 28.5848 28.5848 28.5848 28.5848 28.5848 28.5848 28.5848 28.5848 28.5848 28.5848 302.585 176.585 28.5848 44.5848 28.5848 28.5848 28.5848 28.5848 28.5848 28.5848 28.5848 28.5848 28.5848 28.5848 28.5848 28.5848 28.5848 28.5848 28.5848 28.5848 28.5848 28.5848 28.5848 28.5848 38.5848 28.5848 28.5848 28.5848 28.5848 28.5848 28.5848 28.5848 28.5848 32.5848 28.5848 38.5848 127.585 292.585 32.5848 28.5848 48.5848 61.5848 28.5848 28.5848 28.5848 59.5848 40.5848 28.5848 29.5848 28.5848 28.5848 28.5848 28.5848 28.5848 28.5848 28.5848 28.5848 28.5848 28.5848 28.5848 28.5848 28.5848 28.5848 28.5848 30.5848 42.5848 28.5848 28.5848 28.5848 72.5848 28.5848 28.5848 57.5848 28.5848 28.5848 28.5848 28.5848 51.5848 28.5848 83.5848 28.5848 28.5848 28.5848 28.5848 28.5848 28.5848 49.5848 28.5848 28.5848 28.5848 28.5848 28.5848 28.5848 28.5848 28.5848 28.5848 28.5848 28.5848 28.5848 28.5848 28.5848 28.5848 28.5848 28.5848 28.5848 28.5848 31.5848 35.5848 30.5848 28.5848 28.5848 28.5848 28.5848 28.5848 87.5848 28.5848 29.5848 28.5848 28.5848 28.5848 28.5848 28.5848 28.5848 28.5848 28.5848 28.5848 28.5848 28.5848 28.5848 32.5848 28.5848 28.5848 28.5848 28.5848 28.5848 28.5848 38.5848 28.5848 28.5848 31.5848 28.5848 76.5848 39.5848 37.5848 204.585 133.585 28.5848 28.5848 88.5848 28.5848 58.5848 28.5848 28.5848 28.5848 28.5848 28.5848 28.5848 38.5848 28.5848 28.5848 28.5848 28.5848 28.5848 28.5848 28.5848 28.5848 28.5848 28.5848 28.5848 28.5848 132.585 28.5848 28.5848 28.5848 28.5848 28.5848 28.5848 28.5848 83.5848 28.5848 28.5848 48.5848 28.5848 28.5848 61.5848 28.5848 30.5848 28.5848 28.5848 28.5848 28.5848 131.585 28.5848 31.5848 28.5848 28.5848 28.5848 28.5848 28.5848 28.5848 28.5848 28.5848 28.5848 28.5848 59.5848 28.5848 28.5848 28.5848 28.5848 28.5848 28.5848 28.5848 28.5848 28.5848 28.5848 28.5848 28.5848 28.5848 28.5848 28.5848 28.5848 28.5848 28.5848 28.5848 28.5848 28.5848 28.5848 28.5848 28.5848 28.5848 28.5848 28.5848 44.5848 28.5848 168.585 28.5848 28.5848 28.5848 28.5848 28.5848 28.5848 28.5848 28.5848 30.5848 28.5848 28.5848 28.5848 28.5848 30.5848 28.5848 28.5848 140.585 40.5848 28.5848 36.5848 142.585 28.5848 34.5848 28.5848 29.5848 28.5848 28.5848 42.5848 70.5848 45.5848 28.5848 28.5848 32.5848 28.5848 28.5848 28.5848 28.5848 28.5848 31.5848 28.5848 41.5848 87.5848 67.5848 28.5848 28.5848 28.5848 28.5848 28.5848 28.5848 28.5848 28.5848 28.5848 28.5848 28.5848 53.5848 28.5848 28.5848 28.5848 28.5848 28.5848 28.5848 28.5848 28.5848 28.5848 28.5848 28.5848 28.5848 28.5848 28.5848 28.5848 28.5848 28.5848 28.5848 28.5848 28.5848 29.5848 28.5848 28.5848 28.5848 28.5848 28.5848 28.5848 28.5848 28.5848 28.5848 28.5848 28.5848 28.5848 28.5848 28.5848 34.5848 68.5848 84.5848 36.5848 37.5848 98.5848 28.5848 28.5848 28.5848 28.5848 28.5848 28.5848 28.5848 28.5848 28.5848 28.5848 28.5848 28.5848 28.5848 28.5848 28.5848 28.5848 28.5848 28.5848 28.5848 28.5848 28.5848 28.5848 28.5848 28.5848 28.5848 28.5848 28.5848 28.5848 28.5848 28.5848 28.5848 28.5848 28.5848 28.5848 28.5848 28.5848 28.5848 28.5848 28.5848 28.5848 28.5848 28.5848 28.5848 28.5848 28.5848 28.5848 28.5848 28.5848 28.5848 28.5848 28.5848 28.5848 28.5848 28.5848 28.5848 28.5848 28.5848 28.5848 28.5848 28.5848 28.5848 28.5848 28.5848 28.5848 28.5848 28.5848 28.5848 28.5848 28.5848 28.5848 28.5848 28.5848 28.5848 28.5848 28.5848 28.5848 28.5848 28.5848 28.5848 33.5848 28.5848 28.5848 28.5848 28.5848 28.5848 28.5848 28.5848 28.5848 28.5848 34.5848 28.5848 28.5848 28.5848 28.5848 28.5848 28.5848 28.5848 28.5848 28.5848 28.5848 28.5848 28.5848 28.5848 28.5848 28.5848 28.5848 28.5848 28.5848 74.5848 28.5848 28.5848 186.585 28.5848 28.5848 28.5848 28.5848 28.5848 28.5848 28.5848 28.5848 28.5848 28.5848 28.5848 28.5848 28.5848 28.5848 28.5848 28.5848 28.5848 28.5848 67.5848 28.5848 28.5848 28.5848 28.5848 28.5848 155.585 65.5848 28.5848 48.5848 30.5848 28.5848 28.5848 28.5848 28.5848 28.5848 28.5848 28.5848 28.5848 28.5848 28.5848 28.5848 30.5848 28.5848 28.5848 28.5848 28.5848 28.5848 28.5848 56.5848 28.5848 28.5848 28.5848 28.5848 28.5848 28.5848 28.5848 61.5848 38.5848 28.5848 28.5848 28.5848 28.5848 28.5848 28.5848 28.5848 28.5848 28.5848 28.5848 28.5848 99.5848 28.5848 28.5848 28.5848 28.5848 28.5848 28.5848 115.585 28.5848 28.5848 28.5848 28.5848 28.5848 28.5848 28.5848 28.5848 28.5848 28.5848 28.5848 28.5848 28.5848 28.5848 29.5848 28.5848 28.5848 28.5848 28.5848 28.5848 28.5848 28.5848 28.5848 28.5848 28.5848 269.585 28.5848 28.5848 28.5848 28.5848 28.5848 28.5848 28.5848 28.5848 28.5848 28.5848 28.5848 28.5848 28.5848 28.5848 28.5848 28.5848 28.5848 28.5848 28.5848 28.5848 35.5848 28.5848 28.5848 28.5848 28.5848 28.5848 379.585 188.585 76.5848 111.585 28.5848 28.5848 28.5848 28.5848 28.5848 28.5848 40.5848 28.5848 28.5848 28.5848 28.5848 28.5848 48.5848 28.5848 28.5848 28.5848 230.585 31.5848 32.5848 28.5848 28.5848 28.5848 28.5848 28.5848 28.5848 46.5848 28.5848 28.5848 28.5848 28.5848 28.5848 28.5848 28.5848 28.5848 28.5848 28.5848 28.5848 28.5848 28.5848 28.5848 28.5848 28.5848 104.585 28.5848 28.5848 28.5848 28.5848 28.5848 28.5848 28.5848 28.5848 28.5848 28.5848 28.5848 28.5848 28.5848 28.5848 59.5848 28.5848 28.5848 80.5848 28.5848 28.5848 28.5848 28.5848 40.5848 28.5848 28.5848 28.5848 28.5848 28.5848 28.5848 28.5848 28.5848 68.5848 28.5848 28.5848 28.5848 28.5848 28.5848 28.5848 28.5848 28.5848 28.5848 28.5848 28.5848 28.5848 28.5848 28.5848 28.5848 28.5848 28.5848 42.5848 28.5848 28.5848 28.5848 28.5848 28.5848 28.5848 183.585 32.5848 28.5848 28.5848 28.5848 28.5848 28.5848 
rewards of Offsets elements: 0 0 0 0 199 26 1109 0 0 20 0 127 0 219 0 0 0 0 390 1262 0 0 0 0 0 12 157 0 0 0 808 0 0 1057 0 0 0 0 0 0 0 0 0 0 0 0 0 0 505 928 0 0 0 0 0 482 0 0 422 0 0 341 294 0 0 0 0 0 0 0 0 0 0 0 65 0 0 0 0 0 0 0 41 0 0 0 196 812 0 0 0 0 0 0 0 25 0 12 5 0 126 0 0 0 0 0 0 0 0 0 0 0 0 0 0 0 424 0 0 0 0 0 0 0 0 0 0 0 174 0 0 0 0 0 0 0 373 0 0 0 0 0 13 0 0 0 0 0 0 0 0 0 0 0 48 0 0 0 0 0 0 0 0 0 0 0 0 0 0 0 0 84 0 0 0 0 0 0 6 0 0 0 9 0 0 0 0 0 0 0 0 0 0 0 312 0 0 0 0 45 0 4 0 0 0 7 0 0 9 0 0 0 279 0 0 28 1 18 0 0 15 0 0 0 0 4 18 0 0 4 1 44 2 0 0 0 0 0 0 0 0 0 0 0 0 0 0 0 0 0 0 0 240 0 0 0 0 0 0 0 0 0 0 0 0 0 0 807 0 0 0 0 852 691 0 0 837 0 0 512 419 0 0 4 0 0 0 471 0 0 0 0 0 0 0 0 0 0 0 0 0 0 0 0 0 0 0 0 0 0 0 0 0 10 0 0 0 36 0 0 32 2 0 0 0 0 0 5 0 0 0 0 179 70 0 0 0 0 0 0 0 0 0 0 0 0 0 0 0 0 0 0 6 0 0 0 0 0 0 0 0 0 0 0 0 0 0 0 0 0 10 0 0 0 0 0 0 0 0 0 0 0 0 0 0 0 0 0 0 0 0 6 0 0 0 0 0 0 0 0 19 0 0 0 0 0 0 0 0 0 0 0 0 0 0 0 0 0 241 0 0 0 0 0 2 22 17 92 0 0 0 0 9 0 0 3 0 2 0 0 0 0 0 0 0 0 0 0 0 18 0 0 0 0 0 2 0 0 0 0 0 0 0 0 68 0 0 0 36 0 0 0 0 33 93 0 0 0 0 0 0 0 0 0 33 0 0 0 0 0 0 52 9 0 0 0 0 0 0 0 0 0 0 0 0 0 0 0 0 0 0 0 0 0 0 1 0 0 0 0 0 0 0 0 0 0 0 0 0 1 25 0 0 0 0 0 0 8 0 6 0 0 0 0 0 0 0 0 27 0 207 0 0 0 0 0 0 0 1599 153 6 3 20 2 0 6 1 0 0 0 0 0 0 0 0 0 0 38 0 84 0 0 0 0 0 0 0 432 0 0 2 0 0 0 119 0 0 0 0 0 0 0 0 0 0 0 0 0 0 0 0 0 0 0 0 0 0 0 20 0 42 0 0 0 0 34 0 0 0 8 277 0 0 0 1 0 173 4 0 0 0 0 44 12 1 86 0 0 0 0 0 0 0 0 0 0 0 0 0 0 0 0 0 0 16 0 0 0 0 0 0 0 0 36 0 0 0 195 0 0 0 17 8 0 0 0 0 0 0 0 0 0 0 0 0 0 0 0 0 0 0 0 0 0 0 18 0 0 0 1 0 0 0 0 0 0 0 0 0 0 0 0 0 0 0 0 0 0 0 0 0 0 0 0 0 9 0 0 0 0 0 85 46 5 24 0 0 36 0 50 60 0 0 24 129 1 5 0 0 0 4 0 0 0 180 384 0 0 2 2 0 0 0 0 0 0 0 0 0 0 0 0 0 0 0 0 0 0 0 0 0 0 4 0 0 0 0 0 0 0 0 0 0 0 7 0 50 1 0 0 0 0 0 0 0 7 0 0 22 0 0 0 0 0 54 0 0 204 40 0 0 0 0 0 0 0 0 0 0 0 0 0 0 12 99 48 80 50 3 36 18 0 10 0 53 175 0 0 3 5 0 0 0 0 0 0 0 9 0 0 21 0 0 0 0 0 0 2 0 0 10 0 0 0 0 0 0 0 0 0 0 0 0 0 246 0 0 0 0 0 0 0 0 0 0 0 0 0 0 0 0 0 0 40 0 0 0 0 1 0 0 0 0 0 0 90 0 0 0 0 0 0 0 0 0 0 0 0 0 0 24 0 1 0 0 0 0 0 10 0 72 6 0 8 0 0 0 0 0 1 0 3 0 0 0 2 0 0 0 14 30 0 0 548 0 0 0 0 0 0 0 0 0 4 0 0 3 20 0 0 0 0 0 0 0 0 0 0 0 0 0 0 0 0 0 0 0 0 924 0 24 0 0 0 0 0 0 29 0 0 16 0 0 6 0 0 0 0 271 0 0 0 0 0 0 0 0 72 0 0 0 0 0 0 0 10 0 0 0 6 0 0 17 64 42 0 214 0 181 0 0 0 0 0 0 0 0 0 0 0 0 132 0 0 0 5 0 0 0 0 0 0 0 0 0 0 0 0 0 0 0 0 0 0 0 0 0 0 0 0 0 0 0 0 0 0 50 0 0 29 0 0 0 0 0 0 0 0 0 0 0 0 0 0 228 0 0 0 0 0 0 0 0 0 0 0 0 0 0 0 0 0 0 0 0 0 0 0 0 0 0 0 0 0 0 0 37 1 6 0 0 0 164 0 0 19 0 0 0 0 36 0 0 0 0 0 0 127 0 0 0 0 0 0 0 0 0 0 0 0 0 0 0 0 0 0 196 0 0 0 0 0 0 0 0 0 0 0 65 0 0 0 0 0 0 0 0 213 0 0 0 0 0 0 0 0 0 0 0 0 0 0 0 0 0 0 0 0 0 0 0 0 274 148 0 16 0 0 0 0 0 0 0 0 0 0 0 0 0 0 0 0 0 0 0 0 10 0 0 0 0 0 0 0 0 4 0 10 99 264 4 0 20 33 0 0 0 31 12 0 1 0 0 0 0 0 0 0 0 0 0 0 0 0 0 0 2 14 0 0 0 44 0 0 29 0 0 0 0 23 0 55 0 0 0 0 0 0 21 0 0 0 0 0 0 0 0 0 0 0 0 0 0 0 0 0 0 0 3 7 2 0 0 0 0 0 59 0 1 0 0 0 0 0 0 0 0 0 0 0 0 4 0 0 0 0 0 0 10 0 0 3 0 48 11 9 176 105 0 0 60 0 30 0 0 0 0 0 0 10 0 0 0 0 0 0 0 0 0 0 0 0 104 0 0 0 0 0 0 0 55 0 0 20 0 0 33 0 2 0 0 0 0 103 0 3 0 0 0 0 0 0 0 0 0 0 31 0 0 0 0 0 0 0 0 0 0 0 0 0 0 0 0 0 0 0 0 0 0 0 0 0 0 0 16 0 140 0 0 0 0 0 0 0 0 2 0 0 0 0 2 0 0 112 12 0 8 114 0 6 0 1 0 0 14 42 17 0 0 4 0 0 0 0 0 3 0 13 59 39 0 0 0 0 0 0 0 0 0 0 0 25 0 0 0 0 0 0 0 0 0 0 0 0 0 0 0 0 0 0 0 0 1 0 0 0 0 0 0 0 0 0 0 0 0 0 0 6 40 56 8 9 70 0 0 0 0 0 0 0 0 0 0 0 0 0 0 0 0 0 0 0 0 0 0 0 0 0 0 0 0 0 0 0 0 0 0 0 0 0 0 0 0 0 0 0 0 0 0 0 0 0 0 0 0 0 0 0 0 0 0 0 0 0 0 0 0 0 0 0 0 0 0 0 0 0 0 0 0 0 0 0 5 0 0 0 0 0 0 0 0 0 6 0 0 0 0 0 0 0 0 0 0 0 0 0 0 0 0 0 0 46 0 0 158 0 0 0 0 0 0 0 0 0 0 0 0 0 0 0 0 0 0 39 0 0 0 0 0 127 37 0 20 2 0 0 0 0 0 0 0 0 0 0 0 2 0 0 0 0 0 0 28 0 0 0 0 0 0 0 33 10 0 0 0 0 0 0 0 0 0 0 0 71 0 0 0 0 0 0 87 0 0 0 0 0 0 0 0 0 0 0 0 0 0 1 0 0 0 0 0 0 0 0 0 0 241 0 0 0 0 0 0 0 0 0 0 0 0 0 0 0 0 0 0 0 0 7 0 0 0 0 0 351 160 48 83 0 0 0 0 0 0 12 0 0 0 0 0 20 0 0 0 202 3 4 0 0 0 0 0 0 18 0 0 0 0 0 0 0 0 0 0 0 0 0 0 0 0 76 0 0 0 0 0 0 0 0 0 0 0 0 0 0 31 0 0 52 0 0 0 0 12 0 0 0 0 0 0 0 0 40 0 0 0 0 0 0 0 0 0 0 0 0 0 0 0 0 0 14 0 0 0 0 0 0 155 4 0 0 0 0 0 Printing Sanity3
offset_index value1923
offset list size1923
reward size1923
potential size1923
-----------------------------------------------------------------------------------------------------------------------------------------------------------------------------------------------------

DRAM Statistics
 CHANNEL 0
 RQ ROW_BUFFER_HIT:      65361  ROW_BUFFER_MISS:     167337
 DBUS_CONGESTED:        145
 WQ ROW_BUFFER_HIT:      12293  ROW_BUFFER_MISS:      82860  FULL:          0

 AVG_CONGESTED_CYCLE: 5
 All warmup complete: 2
Channel 0 Bank busy for read cycles: 0
Channel 0 Bank busy for write cycles: 0
Channel 0
Rank 0
0banks busy for read cycles: 603984484
0banks busy for write cycles: 50882
1banks busy for read cycles: 12430121
1banks busy for write cycles: 7001670
2banks busy for read cycles: 4980930
2banks busy for write cycles: 2106625
3banks busy for read cycles: 962695
3banks busy for write cycles: 707754
4banks busy for read cycles: 244626
4banks busy for write cycles: 295030
5banks busy for read cycles: 70074
5banks busy for write cycles: 119988
6banks busy for read cycles: 41361
6banks busy for write cycles: 60607
7banks busy for read cycles: 41863
7banks busy for write cycles: 51711
8banks busy for read cycles: 153211
8banks busy for write cycles: 202341

CPU 0 Branch Prediction Accuracy: 99.8237% MPKI: 0.313695 Average ROB Occupancy at Mispredict: 44.3322
Branch types
NOT_BRANCH: 164410969 82.2055%
BRANCH_DIRECT_JUMP: 2615827 1.30791%
BRANCH_INDIRECT: 12513602 6.2568%
BRANCH_CONDITIONAL: 12388308 6.19415%
BRANCH_DIRECT_CALL: 3083799 1.5419%
BRANCH_INDIRECT_CALL: 951675 0.475837%
BRANCH_RETURN: 4035450 2.01772%
BRANCH_OTHER: 0 0%

DRAM PAGES: 1048576
Allocated PAGES: 4436
