
*** ChampSim Multicore Out-of-Order Simulator ***

Warmup Instructions: 50000000
Simulation Instructions: 200000000
Number of CPUs: 1
LLC sets: 2048
LLC ways: 16
Off-chip DRAM Size: 4096 MB Channels: 1 Width: 64-bit Data Rate: 6400 MT/s
CPU 0 runs traces/spec2k17/server_017.champsimtrace.xz
.xz
BTB has LRU replacement policy
ITLB has LRU replacement policy
DTLB has LRU replacement policy
STLB has LRU replacement policy
L1I has LRU replacement policy
L1D has LRU replacement policy
Initialize SRRIP state for L2C
Initialize DRRIP state for LLC
Heartbeat CPU 0 instructions: 10000000 cycles: 2938019 heartbeat IPC: 3.40365 cumulative IPC: 3.40365 (Simulation time: 0 hr 0 min 44 sec) 
Heartbeat CPU 0 instructions: 20000000 cycles: 5875242 heartbeat IPC: 3.40458 cumulative IPC: 3.40412 (Simulation time: 0 hr 1 min 27 sec) 
Heartbeat CPU 0 instructions: 30000003 cycles: 8811683 heartbeat IPC: 3.40548 cumulative IPC: 3.40457 (Simulation time: 0 hr 2 min 10 sec) 
Heartbeat CPU 0 instructions: 40000003 cycles: 11748223 heartbeat IPC: 3.40537 cumulative IPC: 3.40477 (Simulation time: 0 hr 2 min 53 sec) 
Heartbeat CPU 0 instructions: 50000000 cycles: 14685995 heartbeat IPC: 3.40394 cumulative IPC: 3.4046 (Simulation time: 0 hr 3 min 37 sec) 

Warmup complete CPU 0 instructions: 50000004 cycles: 14685996 (Simulation time: 0 hr 3 min 37 sec) 

Offsets elements: 
Potential of Offsets elements: 
rewards of Offsets elements: 
Printing Sanity1
offset list size1393
Offsets elements: 
Potential of Offsets elements: 
rewards of Offsets elements: 0 0 0 0 0 910 0 0 36 17 0 0 418 0 6 0 0 568 0 902 0 0 0 0 3 0 0 0 0 0 0 0 0 0 0 174 0 0 0 41 0 0 0 0 0 0 0 1789 0 0 1 264 0 0 0 0 0 0 0 0 0 8 0 0 0 0 0 0 0 1109 0 0 0 0 0 0 0 0 1112 0 0 0 0 0 0 0 10 0 0 0 0 0 0 0 0 0 0 624 0 15 0 0 0 0 0 0 0 0 0 0 0 0 0 0 0 0 0 0 0 0 0 0 0 0 0 0 0 0 0 0 0 0 0 0 0 0 108 0 0 97 0 0 20 12 50 40 0 0 344 3 0 0 0 0 0 0 0 0 0 0 0 0 88 0 0 0 0 0 0 0 0 0 0 0 0 0 0 0 0 0 0 0 0 0 0 0 0 0 0 0 0 0 0 0 0 0 0 30 40 24 96 50 88 15 126 33 56 10 67 0 30 2 6 40 0 0 42 0 0 0 0 0 120 0 0 0 5 8 0 0 112 0 0 0 0 0 0 0 0 0 0 0 0 0 0 0 0 0 0 0 0 0 0 0 0 0 0 0 0 0 0 0 0 0 0 0 0 0 0 0 919 0 0 0 0 0 444 2 0 733 3 0 0 0 0 0 0 0 0 4 0 0 0 0 0 0 0 0 0 0 0 7 0 0 0 0 0 0 0 0 0 0 306 0 0 19 0 0 0 2 0 0 0 0 0 0 0 0 0 0 16 0 16 22 0 7 112 0 0 72 25 0 0 18 149 71 0 28 46 12 28 0 0 0 0 0 36 72 100 30 9 649 36 70 0 0 9 0 0 1 0 0 0 0 0 0 17 0 0 1501 975 2 0 0 2 0 0 0 0 0 0 0 0 0 0 0 0 0 0 0 0 0 0 0 0 0 0 1 0 0 9 0 0 2 0 0 0 0 0 0 0 0 0 0 0 0 0 0 0 0 0 0 0 911 0 0 0 10 0 0 0 0 0 829 0 0 0 0 0 0 0 0 0 0 0 0 10 0 0 109 478 7 184 0 0 0 0 0 0 0 547 0 8 0 0 0 0 0 0 7 0 0 0 0 0 21 0 0 0 0 0 0 0 0 0 0 0 0 114 0 0 77 239 0 0 0 0 0 0 0 45 0 0 0 0 0 0 0 0 10 0 59 0 0 0 0 0 0 0 0 0 0 0 0 6 0 0 0 0 0 0 0 0 0 0 0 0 0 6 0 0 0 9 0 48 28 88 0 0 99 0 15 32 18 0 0 0 0 204 91 15 6 0 0 0 0 0 0 0 36 44 30 56 0 50 44 9 52 27 0 0 0 0 0 0 0 0 0 0 0 0 0 0 0 0 0 0 0 0 0 0 0 0 0 0 0 0 0 0 0 0 0 0 49 0 0 0 0 0 0 0 0 0 0 0 0 0 0 0 0 0 0 0 28 125 45 0 355 0 0 0 0 0 31 0 0 0 0 0 0 18 0 0 0 0 0 31 0 0 0 0 62 29 0 0 0 0 25 0 0 0 49 0 0 0 0 0 0 0 0 0 0 0 0 0 0 0 0 0 0 0 0 0 0 0 294 0 0 0 0 0 0 0 0 0 0 0 45 0 0 0 0 0 0 0 0 532 0 0 9 60 2 0 44 0 38 50 35 0 0 0 0 0 126 60 0 302 46 99 4 0 6 0 0 14 8 0 0 21 0 0 0 0 0 12 0 0 0 0 0 0 271 1 0 0 0 0 0 38 0 0 0 8 4 0 0 0 0 0 416 0 6 0 0 0 0 0 0 0 0 0 0 0 0 0 0 0 0 0 0 0 0 0 0 0 1 0 0 0 0 0 0 0 0 0 0 0 0 0 12 0 0 0 0 0 0 0 0 0 0 0 0 0 0 0 0 0 0 9 0 2 24 0 0 0 0 0 0 0 0 0 0 21 0 0 0 0 0 24 24 0 0 0 0 132 0 0 0 18 45 87 0 0 1 0 0 0 0 0 0 0 0 0 0 192 0 0 30 0 0 0 0 10 0 0 8 10 0 0 0 0 0 2 0 0 0 0 0 0 0 0 0 0 0 0 0 0 0 0 0 0 0 0 4 0 0 0 0 0 0 0 0 0 0 0 0 0 0 0 0 3 0 0 0 0 0 0 0 0 0 0 0 0 0 0 0 0 0 0 0 0 0 0 0 0 0 0 0 0 2 0 0 0 0 0 0 0 0 0 0 0 0 0 0 0 0 0 0 0 0 43 0 0 0 0 0 0 0 0 0 0 8 0 39 0 0 0 0 0 0 0 0 0 0 0 0 0 0 0 0 0 0 0 0 0 0 0 0 0 0 0 0 0 0 0 0 0 22 0 17 0 0 0 0 0 0 0 0 0 0 0 35 60 0 0 0 0 0 0 602 0 0 0 0 0 0 0 0 0 0 0 0 0 0 0 0 0 0 0 0 0 0 0 0 0 0 2 0 0 6 0 0 2 0 0 0 0 0 0 0 0 0 0 0 0 0 0 0 0 0 0 0 0 0 10 0 0 0 1 0 0 0 0 0 0 0 0 0 0 0 0 10 0 0 40 0 0 8 0 0 12 0 0 5 75 418 12 0 0 0 0 2 1 0 0 0 0 0 0 0 0 0 0 0 3 0 46 0 0 0 0 0 0 0 0 299 0 0 27 0 14 0 0 0 0 0 0 0 0 0 0 0 0 0 0 24 0 0 0 0 0 275 0 0 0 0 0 0 0 0 0 0 0 0 0 0 0 0 0 0 0 0 0 0 0 6 0 0 6 0 0 0 0 0 0 0 0 0 0 0 0 0 0 0 0 0 0 0 6 0 0 0 0 0 0 0 0 12 0 0 0 0 0 0 0 0 0 0 0 0 0 0 0 0 0 0 0 0 0 0 2 0 0 0 0 0 0 0 0 0 0 0 0 0 0 0 0 0 0 0 0 0 0 0 0 0 0 0 0 0 0 0 0 0 0 0 0 0 0 0 0 0 0 0 0 0 0 0 0 0 0 0 0 0 0 0 0 0 0 0 0 0 0 0 0 0 0 0 0 0 0 0 0 0 0 0 0 0 0 0 0 0 0 0 0 0 0 0 0 0 0 0 0 0 0 0 0 0 0 0 0 0 0 
Printing Sanity2
Heartbeat CPU 0 instructions: 60000003 cycles: 36178755 heartbeat IPC: 0.465273 cumulative IPC: 0.465273 (Simulation time: 0 hr 4 min 53 sec) 
Heartbeat CPU 0 instructions: 70000001 cycles: 57559948 heartbeat IPC: 0.467701 cumulative IPC: 0.466484 (Simulation time: 0 hr 6 min 13 sec) 
Heartbeat CPU 0 instructions: 80000003 cycles: 78974759 heartbeat IPC: 0.466967 cumulative IPC: 0.466645 (Simulation time: 0 hr 7 min 29 sec) 
Heartbeat CPU 0 instructions: 90000002 cycles: 100284675 heartbeat IPC: 0.469265 cumulative IPC: 0.467297 (Simulation time: 0 hr 8 min 49 sec) 
Heartbeat CPU 0 instructions: 100000002 cycles: 132637291 heartbeat IPC: 0.309094 cumulative IPC: 0.423904 (Simulation time: 0 hr 10 min 16 sec) 
*** Reached end of trace for Core: 0 Repeating trace: traces/spec2k17/server_017.champsimtrace.xz
Heartbeat CPU 0 instructions: 110000000 cycles: 156836433 heartbeat IPC: 0.413238 cumulative IPC: 0.422088 (Simulation time: 0 hr 11 min 38 sec) 
Heartbeat CPU 0 instructions: 120000002 cycles: 179624691 heartbeat IPC: 0.438823 cumulative IPC: 0.4244 (Simulation time: 0 hr 12 min 58 sec) 
Heartbeat CPU 0 instructions: 130000002 cycles: 201775761 heartbeat IPC: 0.451445 cumulative IPC: 0.427602 (Simulation time: 0 hr 14 min 17 sec) 
Heartbeat CPU 0 instructions: 140000002 cycles: 223674508 heartbeat IPC: 0.456647 cumulative IPC: 0.430646 (Simulation time: 0 hr 15 min 37 sec) 
Heartbeat CPU 0 instructions: 150000003 cycles: 245270786 heartbeat IPC: 0.463043 cumulative IPC: 0.43368 (Simulation time: 0 hr 16 min 57 sec) 
Heartbeat CPU 0 instructions: 160000003 cycles: 266825323 heartbeat IPC: 0.463939 cumulative IPC: 0.436267 (Simulation time: 0 hr 18 min 17 sec) 
Heartbeat CPU 0 instructions: 170000000 cycles: 288255984 heartbeat IPC: 0.466621 cumulative IPC: 0.438645 (Simulation time: 0 hr 19 min 37 sec) 
Heartbeat CPU 0 instructions: 180000001 cycles: 309674903 heartbeat IPC: 0.466877 cumulative IPC: 0.440695 (Simulation time: 0 hr 20 min 55 sec) 
Heartbeat CPU 0 instructions: 190000000 cycles: 331055519 heartbeat IPC: 0.467713 cumulative IPC: 0.44252 (Simulation time: 0 hr 22 min 14 sec) 
Heartbeat CPU 0 instructions: 200000003 cycles: 352338388 heartbeat IPC: 0.469862 cumulative IPC: 0.444244 (Simulation time: 0 hr 23 min 32 sec) 
Heartbeat CPU 0 instructions: 210000001 cycles: 385374893 heartbeat IPC: 0.302695 cumulative IPC: 0.431629 (Simulation time: 0 hr 25 min 2 sec) 
*** Reached end of trace for Core: 0 Repeating trace: traces/spec2k17/server_017.champsimtrace.xz
Heartbeat CPU 0 instructions: 220000000 cycles: 408595121 heartbeat IPC: 0.430659 cumulative IPC: 0.431572 (Simulation time: 0 hr 26 min 24 sec) 
Heartbeat CPU 0 instructions: 230000000 cycles: 431018960 heartbeat IPC: 0.445954 cumulative IPC: 0.432346 (Simulation time: 0 hr 27 min 44 sec) 
Heartbeat CPU 0 instructions: 240000001 cycles: 453056789 heartbeat IPC: 0.453765 cumulative IPC: 0.433423 (Simulation time: 0 hr 29 min 3 sec) 
Heartbeat CPU 0 instructions: 250000003 cycles: 474753841 heartbeat IPC: 0.460892 cumulative IPC: 0.434718 (Simulation time: 0 hr 30 min 24 sec) 
Finished CPU 0 instructions: 200000001 cycles: 460067846 cumulative IPC: 0.434718 (Simulation time: 0 hr 30 min 24 sec) 

ChampSim completed all CPUs

Region of Interest Statistics

CPU 0 cumulative IPC: 0.434718 instructions: 200000001 cycles: 460067846
ITLB TOTAL     ACCESS:   33608327  HIT:   32189666  MISS:    1418661  HIT %:    95.7788  MISS %:    4.22116   MPKI: 7.0933
ITLB LOAD TRANSLATION ACCESS:   33608327  HIT:   32189666  MISS:    1418661  HIT %:    95.7788  MISS %:    4.22116   MPKI: 7.0933
ITLB PREFETCH  REQUESTED:          0  ISSUED:          0  USEFUL:          0  USELESS:          0
ITLB USEFUL LOAD PREFETCHES:          0 PREFETCH ISSUED TO LOWER LEVEL:          0  ACCURACY: -nan
ITLB TIMELY PREFETCHES:          0 LATE PREFETCHES: 0 DROPPED PREFETCHES: 0
ITLB PREFETCHES SAME FILL-ORIGIN LEVEL: 0 DIFFERENT FILL-ORIGIN LEVEL: 0
ITLB AVERAGE MISS LATENCY: 9.52185 cycles
ITLB RQ	ACCESS:   40237478	FORWARD:          0	MERGED:    6172137	TO_CACHE:   34065341

DTLB TOTAL     ACCESS:   38755610  HIT:   37133666  MISS:    1621944  HIT %:    95.8149  MISS %:    4.18506   MPKI: 8.10972
DTLB LOAD TRANSLATION ACCESS:   38755610  HIT:   37133666  MISS:    1621944  HIT %:    95.8149  MISS %:    4.18506   MPKI: 8.10972
DTLB PREFETCH  REQUESTED:          0  ISSUED:          0  USEFUL:          0  USELESS:          0
DTLB USEFUL LOAD PREFETCHES:          0 PREFETCH ISSUED TO LOWER LEVEL:          0  ACCURACY: -nan
DTLB TIMELY PREFETCHES:          0 LATE PREFETCHES: 0 DROPPED PREFETCHES: 0
DTLB PREFETCHES SAME FILL-ORIGIN LEVEL: 0 DIFFERENT FILL-ORIGIN LEVEL: 0
DTLB AVERAGE MISS LATENCY: 21.9818 cycles
DTLB RQ	ACCESS:   58669351	FORWARD:          0	MERGED:   19528962	TO_CACHE:   39140389

STLB TOTAL     ACCESS:    3388291  HIT:    3194192  MISS:     194099  HIT %:    94.2715  MISS %:    5.72852   MPKI: 0.970495
STLB LOAD TRANSLATION ACCESS:    3040605  HIT:    2846506  MISS:     194099  HIT %:    93.6164  MISS %:    6.38357   MPKI: 0.970495
STLB TRANSLATION FROM L1D PREFETCHER ACCESS:     347686  HIT:     347686  MISS:          0  HIT %:        100  MISS %:          0   MPKI: 0
STLB PREFETCH  REQUESTED:          0  ISSUED:          0  USEFUL:          0  USELESS:          0
STLB USEFUL LOAD PREFETCHES:          0 PREFETCH ISSUED TO LOWER LEVEL:          0  ACCURACY: -nan
STLB TIMELY PREFETCHES:          0 LATE PREFETCHES: 0 DROPPED PREFETCHES: 0
STLB PREFETCHES SAME FILL-ORIGIN LEVEL: 0 DIFFERENT FILL-ORIGIN LEVEL: 0
STLB AVERAGE MISS LATENCY: 112.149 cycles
STLB RQ	ACCESS:    3388292	FORWARD:          0	MERGED:          1	TO_CACHE:    3388291

STLB Hit, L1D data hit: 0
STLB Hit, L2C data hit: 0
STLB Hit, LLC data hit: 0
STLB Hit, LLC data miss: 0
STLB STLB hints to L2: 0
L1D TOTAL     ACCESS:   48018651  HIT:   41429797  MISS:    6588854  HIT %:    86.2786  MISS %:    13.7214   MPKI: 32.9443
L1D LOAD      ACCESS:   25963731  HIT:   22793622  MISS:    3170109  HIT %:    87.7902  MISS %:    12.2098   MPKI: 15.8505
L1D RFO       ACCESS:   21707757  HIT:   18297347  MISS:    3410410  HIT %:    84.2894  MISS %:    15.7106   MPKI: 17.052
L1D PREFETCH  ACCESS:     347163  HIT:     338828  MISS:       8335  HIT %:    97.5991  MISS %:    2.40089   MPKI: 0.041675
AGUS PREFETCH L1 MISS: 0
L1D PREFETCH  REQUESTED:     700575  ISSUED:     700575  USEFUL:       1498  USELESS:       6835
L1D USEFUL LOAD PREFETCHES:       1498 PREFETCH ISSUED TO LOWER LEVEL:       8335  ACCURACY: 17.9724
L1D TIMELY PREFETCHES:       1498 LATE PREFETCHES: 0 DROPPED PREFETCHES: 0
L1D PREFETCHES SAME FILL-ORIGIN LEVEL: 8335 DIFFERENT FILL-ORIGIN LEVEL: 0
L1D AVERAGE MISS LATENCY: 170.79 cycles
L1D RQ	ACCESS:   44314281	FORWARD:          0	MERGED:   17648173	TO_CACHE:   26410489
L1D WQ	ACCESS:   32470855	FORWARD:     255619	MERGED:     211993	TO_CACHE:   32258862
L1D PQ	ACCESS:     352888	FORWARD:          0	MERGED:       5201	TO_CACHE:     347687

L1D UNIQUE REGIONS ACCESSED: 0
L1D REGIONS CONFLICTS: 0
L1D Cross Page Prefetch Requests: 0
L1D Same Page Prefetch Requests: 352888
L1D ROI Sum of L1D PQ occupancy: 4538509
L1D PREFETCHES PUSHED FROM L2C: 0
L1I TOTAL     ACCESS:   37760655  HIT:   29297940  MISS:    8462715  HIT %:    77.5885  MISS %:    22.4115   MPKI: 42.3136
L1I LOAD      ACCESS:   37760655  HIT:   29297940  MISS:    8462715  HIT %:    77.5885  MISS %:    22.4115   MPKI: 42.3136
L1I PREFETCH  REQUESTED:          0  ISSUED:          0  USEFUL:          0  USELESS:          0
L1I USEFUL LOAD PREFETCHES:          0 PREFETCH ISSUED TO LOWER LEVEL:          0  ACCURACY: -nan
L1I TIMELY PREFETCHES:          0 LATE PREFETCHES: 0 DROPPED PREFETCHES: 0
L1I PREFETCHES SAME FILL-ORIGIN LEVEL: 0 DIFFERENT FILL-ORIGIN LEVEL: 0
L1I AVERAGE MISS LATENCY: 17.6783 cycles
L1I RQ	ACCESS:   58509943	FORWARD:          0	MERGED:   18272465	TO_CACHE:   40237478

BTB TOTAL     ACCESS:   25752481  HIT:   24097822  MISS:    1654659  HIT %:    93.5748  MISS %:    6.42524   MPKI: 8.27329
BTB BRANCH_DIRECT_JUMP	ACCESS:    1719252  HIT:    1709782  MISS:       9470
BTB BRANCH_INDIRECT	ACCESS:    9847536  HIT:    9196489  MISS:     651047
BTB BRANCH_CONDITIONAL	ACCESS:    7525905  HIT:    7512901  MISS:      13004
BTB BRANCH_DIRECT_CALL	ACCESS:    2636580  HIT:    2604766  MISS:      31814
BTB BRANCH_INDIRECT_CALL	ACCESS:     693283  HIT:     590648  MISS:     102635
BTB BRANCH_RETURN	ACCESS:    3329925  HIT:    2483236  MISS:     846689
BTB BRANCH_OTHER ACCESS:          0  HIT:          0  MISS:          0

L2C TOTAL     ACCESS:   19525840  HIT:   13008456  MISS:    6517384  HIT %:    66.6217  MISS %:    33.3783   MPKI: 32.5869
L2C LOAD      ACCESS:   11632645  HIT:    8634353  MISS:    2998292  HIT %:    74.2252  MISS %:    25.7748   MPKI: 14.9915
L2C DATA LOAD MPKI: 12.3131
L2C INSTRUCTION LOAD MPKI: 2.67831
L2C RFO       ACCESS:    3410401  HIT:     154801  MISS:    3255600  HIT %:    4.53908  MISS %:    95.4609   MPKI: 16.278
L2C PREFETCH  ACCESS:       8335  HIT:       6718  MISS:       1617  HIT %:    80.5999  MISS %:    19.4001   MPKI: 0.008085
AGUS PREFETCH L1 MISS: 0
L2C DATA PREFETCH MPKI: 0.008085
L2C INSTRUCTION PREFETCH MPKI: 0
L2C WRITEBACK ACCESS:    4207389  HIT:    4062717  MISS:     144672  HIT %:    96.5615  MISS %:    3.43852   MPKI: 0.72336
L2C LOAD TRANSLATION ACCESS:     267070  HIT:     149867  MISS:     117203  HIT %:    56.1153  MISS %:    43.8847   MPKI: 0.586015
L2C PREFETCH  REQUESTED:          0  ISSUED:          0  USEFUL:         26  USELESS:       1590
L2C USEFUL LOAD PREFETCHES:         26 PREFETCH ISSUED TO LOWER LEVEL:       1617  ACCURACY: 1.60792
L2C TIMELY PREFETCHES:         26 LATE PREFETCHES: 0 DROPPED PREFETCHES: 0
L2C PREFETCHES SAME FILL-ORIGIN LEVEL: 0 DIFFERENT FILL-ORIGIN LEVEL: 0
L2C AVERAGE MISS LATENCY: 164.559 cycles
L2C RQ	ACCESS:   15310304	FORWARD:          0	MERGED:          0	TO_CACHE:   15310116
L2C WQ	ACCESS:    4207389	FORWARD:        188	MERGED:          0	TO_CACHE:    4207389
L2C PQ	ACCESS:       8335	FORWARD:          0	MERGED:          0	TO_CACHE:       8335

L2C Instructions Evicting Data 480072
L2C Translations Evicting Data 103960
L2C Data Evicting Data 5149926
L2C Instructions Evicting Instructions 44926
L2C Translations Evicting Instructions 11456
L2C Data Evicting Instructions 467163
L2C Instructions Evicting Translations 10665
L2C Translations Evicting Translations 1787
L2C Data Evicting Translations 102757
L2C Dense regions hint from L2: 0
PSCL5 TOTAL     ACCESS:     194099  HIT:     194099  MISS:          0  HIT %:        100  MISS %:          0   MPKI: 0
PSCL5 LOAD TRANSLATION ACCESS:     194099  HIT:     194099  MISS:          0  HIT %:        100  MISS %:          0   MPKI: 0
PSCL5 PREFETCH  REQUESTED:          0  ISSUED:          0  USEFUL:          0  USELESS:          0
PSCL5 USEFUL LOAD PREFETCHES:          0 PREFETCH ISSUED TO LOWER LEVEL:          0  ACCURACY: -nan
PSCL5 TIMELY PREFETCHES:          0 LATE PREFETCHES: 0 DROPPED PREFETCHES: 0
PSCL5 PREFETCHES SAME FILL-ORIGIN LEVEL: 0 DIFFERENT FILL-ORIGIN LEVEL: 0

PSCL4 TOTAL     ACCESS:     136837  HIT:     136374  MISS:        463  HIT %:    99.6616  MISS %:   0.338359   MPKI: 0.002315
PSCL4 LOAD TRANSLATION ACCESS:     136837  HIT:     136374  MISS:        463  HIT %:    99.6616  MISS %:   0.338359   MPKI: 0.002315
PSCL4 PREFETCH  REQUESTED:          0  ISSUED:          0  USEFUL:          0  USELESS:          0
PSCL4 USEFUL LOAD PREFETCHES:          0 PREFETCH ISSUED TO LOWER LEVEL:          0  ACCURACY: -nan
PSCL4 TIMELY PREFETCHES:          0 LATE PREFETCHES: 0 DROPPED PREFETCHES: 0
PSCL4 PREFETCHES SAME FILL-ORIGIN LEVEL: 0 DIFFERENT FILL-ORIGIN LEVEL: 0

PSCL3 TOTAL     ACCESS:     192958  HIT:     191032  MISS:       1926  HIT %:    99.0019  MISS %:   0.998145   MPKI: 0.00963
PSCL3 LOAD TRANSLATION ACCESS:     192958  HIT:     191032  MISS:       1926  HIT %:    99.0019  MISS %:   0.998145   MPKI: 0.00963
PSCL3 PREFETCH  REQUESTED:          0  ISSUED:          0  USEFUL:          0  USELESS:          0
PSCL3 USEFUL LOAD PREFETCHES:          0 PREFETCH ISSUED TO LOWER LEVEL:          0  ACCURACY: -nan
PSCL3 TIMELY PREFETCHES:          0 LATE PREFETCHES: 0 DROPPED PREFETCHES: 0
PSCL3 PREFETCHES SAME FILL-ORIGIN LEVEL: 0 DIFFERENT FILL-ORIGIN LEVEL: 0

PSCL2 TOTAL     ACCESS:     194099  HIT:     123476  MISS:      70623  HIT %:     63.615  MISS %:     36.385   MPKI: 0.353115
PSCL2 LOAD TRANSLATION ACCESS:     194099  HIT:     123476  MISS:      70623  HIT %:     63.615  MISS %:     36.385   MPKI: 0.353115
PSCL2 PREFETCH  REQUESTED:          0  ISSUED:          0  USEFUL:          0  USELESS:          0
PSCL2 USEFUL LOAD PREFETCHES:          0 PREFETCH ISSUED TO LOWER LEVEL:          0  ACCURACY: -nan
PSCL2 TIMELY PREFETCHES:          0 LATE PREFETCHES: 0 DROPPED PREFETCHES: 0
PSCL2 PREFETCHES SAME FILL-ORIGIN LEVEL: 0 DIFFERENT FILL-ORIGIN LEVEL: 0

LLC TOTAL     ACCESS:   10279553  HIT:    3707829  MISS:    6571724  HIT %:    36.0699  MISS %:    63.9301   MPKI: 32.8586
LLC LOAD      ACCESS:    2998290  HIT:    1374493  MISS:    1623797  HIT %:    45.8426  MISS %:    54.1574   MPKI: 8.11898
LLC RFO       ACCESS:    3255587  HIT:     875803  MISS:    2379784  HIT %:    26.9015  MISS %:    73.0985   MPKI: 11.8989
LLC PREFETCH  ACCESS:       1617  HIT:        942  MISS:        675  HIT %:     58.256  MISS %:     41.744   MPKI: 0.003375
AGUS PREFETCH L1 MISS: 0
LLC WRITEBACK ACCESS:    3906856  HIT:    1407038  MISS:    2499818  HIT %:    36.0146  MISS %:    63.9854   MPKI: 12.4991
LLC LOAD TRANSLATION ACCESS:     117203  HIT:      49553  MISS:      67650  HIT %:    42.2796  MISS %:    57.7204   MPKI: 0.33825
LLC PREFETCH  REQUESTED:          0  ISSUED:          0  USEFUL:          1  USELESS:        670
LLC USEFUL LOAD PREFETCHES:          1 PREFETCH ISSUED TO LOWER LEVEL:        675  ACCURACY: 0.148148
LLC TIMELY PREFETCHES:          1 LATE PREFETCHES: 0 DROPPED PREFETCHES: 0
LLC PREFETCHES SAME FILL-ORIGIN LEVEL: 0 DIFFERENT FILL-ORIGIN LEVEL: 0
LLC AVERAGE MISS LATENCY: 133.758 cycles
LLC RQ	ACCESS:    6371095	FORWARD:          0	MERGED:          0	TO_CACHE:    6371080
LLC WQ	ACCESS:    3906857	FORWARD:         15	MERGED:          0	TO_CACHE:    3906857
LLC PQ	ACCESS:       1617	FORWARD:          0	MERGED:          0	TO_CACHE:       1617

LLC Dense regions hint to LLC: 0

RAW hits: 2583332
Loads Generated: 46897618
Loads sent to L1D: 44314281
Stores Generated: 32470857
Stores sent to L1D: 32470855
Major fault: 0 Minor fault: 24906
Allocated PAGES: 24906
ucb ended
-----------------------------------------------------------------------------------------------------------------------------------------------------------------------------------------------------
Offsets elements: 1465996481229 -36438878 -1465960042012 1465996512711 -1465996513044 1 1465960042344 -1465960040642 92 -1794 1702 1465960040559 -9 -1465960042345 1465996481223 31821 -1465996513050 7 1703 -1 -1709 1708 -1369 1465996480890 -1465996479428 1465996511249 -1465996512711 1370 -1703 1465960042354 -1465960040651 1465960040651 -1465960042354 1465960040642 -1465960040550 -93 1465960040652 -1465960040650 1465960040641 9 -1465960042344 1794 -1801 339 -36470706 -1465960042338 -1465960040641 -2 93 1465996479428 -1465996481222 -7 1465996513050 -1465996511249 -1795 333 -1465996481229 -1465996513043 1704 1465960040650 -1465960040652 1462 -92 1465960042353 -36438869 -1465960042360 1465960042345 -1702 -1465960040559 -6 -1465996511340 -1704 1795 1465960042012 -1465996481223 1710 -31821 -1465960040543 2 -1370 1465996481222 -36470699 1801 1709 1465960042021 -1465960042353 91 1465996479521 1465996513044 1465960042005 -1465960040635 -1465960042021 1701 -1465996479519 -1710 1465996511342 -36470690 6 -1701 -1462 -1708 1465996479519 -1465996479520 -339 -1465996511341 -333 -332 36438869 1465960042351 -1465960040643 1465960040543 36438885 1465960040643 -91 1465960042360 1369 1465996479520 36470690 -1465960040636 1371 1465960040550 1465996511341 -1465960042351 332 55443254 -19004376 31839 -1465996513031 1465996513014 18972557 -19004375 19004377 -19004288 -1465996480979 1465996480889 19004379 -18880305 18880306 -1466015485269 1466015485600 -1466015483807 1465960040389 -1465960041878 -1730 1730 1466015485296 -1466015485596 1465996506821 18978775 -18980797 -14360 -17890078 17890078 -1465996490195 1465970468361 -1465970468579 1465970468579 26021836 -35355423 35355422 -23245083 -1465973245113 -219 1465996490415 -1465996490414 219 1465973245112 23245084 -35388190 -1465961102224 1465973749098 -241 22741340 12614083 -12646851 35388191 1465989628641 1068912 5792645 -35388191 35388190 1465990697551 21971060 13417130 -13417218 32412373 -54383346 54383346 -18995155 1465960053495 -1465960053714 1465960053714 36436700 -17900203 17900203 -35365547 -1465961124602 -292 328 1465996604963 -1465996606690 1465996606690 -1465996606720 1465996606720 -30 1465996482647 89 -90 -1465996480889 18880304 -1466015485267 1466015485599 -1466015485295 1489 1466015483806 -55443417 36448261 -1465996491870 1465961126323 -1465961124649 1466015485353 -18995157 -1465996490194 1466015485352 -55156814 -1465960328791 408 1466015485198 -55156815 36176017 2021 -16381 1465988487378 8003037 -13983943 -21371480 18995157 1465996506577 -1465996506796 1465996506797 -16383 -1071154 1465996490194 16382 -36453082 -1465960053725 1465996506807 36453082 36453083 -36453083 55431858 -18978777 -2021 -14359 -18980799 -1465996504809 1465996490455 121684 18873468 -1466015485606 398 1465996287738 216672 1465996612138 -1465996611730 -1466015485598 404 -412 1465996612139 -324000 5 206437 -206436 -1465996288138 377 -78 36 -328 1465996605291 30 1727 1466015485268 -19004379 -1466015487026 18880305 -19004289 -1466015485601 305 -1465960043608 1465996495961 18991066 -18996155 -1032 -200280 -6156 -1465996488410 1465996488410 -200275 19197462 1466015485608 -18873469 -1466015485607 1466015485610 -18873471 18873470 -1466015485590 1465996583439 345 28337 -4961 18878432 -1466015485212 -16 1465996287756 -1465996288135 35 375 1465996287727 -1465996288136 386 -386 1465996494549 -1465996494163 1466015485223 -19197470 -1465996288101 1465996288101 1465996504808 -1465996504413 -395 -1466015485231 -377 402 1465996611737 -117600 18991071 -1466015485610 18873469 -19197468 1466015485611 -1466015485211 1465996611738 -1465996611754 1466015485226 -1466015485609 401 1465996494135 -1466015485612 1466015485613 -18873474 18873473 -19197474 -1465996288102 209636 -36444098 55431935 -1466015485276 1466015485607 -1466015483813 1466015485302 -1466015485604 -4 1465996605295 -1465996603501 1465996603501 -1465996604963 1465960041851 1425 -1465960041851 -1465996479424 1466015483811 -18972639 -224835 -1465996497770 1465996506826 -1465996506494 -27 1465996478407 -1465996481626 4 3 1465996603498 18880312 -19197473 193087 -193088 192068 1465996499196 -16548 31745 -36184180 35959345 19197475 -1465996288140 1466015485614 -1466015485234 1465996287758 16448 19181028 -19122318 19122320 -19037155 -79875 -5277 -372004 21440 -1465996012716 1465996587440 17806 288223780709529729 -10419615 -2200619201325 2200619201348 -72119 72119 87250 9036 -9036 -15161 15160 9038 -12750134 -2200606351117 2200619092214 -12703050 12712084 -12750127 12741093 -1207934 1216968 -2200619182144 2200619182145 -12741099 -5 8281410 -8281411 12750140 -24198 2200619191179 -9035 9035 -9033 9032 -3 -12750135 12750136 -2200619190922 2200606440786 12770264 -2200619104326 2200619104329 -44324 24188 20136 10419340 -2200629472974 2200619077822 -24188 20133 22 -20 21 16 -69845 69848 -20154 -49693 49696 71788 -71812 -8 -49689 121508 -71813 78055 -78158 20150 -20162 -2200619108742 2200619108743 20155 -69849 69828 -69830 57737 -8047 -49690 25503 -25502 69830 -2200619104325 2200619104328 -20138 49690 121509 -71818 -49691 49689 20 -20134 20134 14 -10 -20153 20135 44324 -20136 20137 2200619104331 -20139 24187 10395152 -38052 38052 12712086 -12750129 12750128 -9034 1192801 24170 -9038 9037 24202 -288223780699134316 18880338 -19494308 19472868 -19494306 -1465995991306 -408 1465995991304 -1465995990918 1465996012358 -1465996012744 1466015485612 -1466015485219 -394 -21438 -1465995991307 378 1465996611760 -1465996612139 -19494305 -21439 -620834 -1465995991279 1465996012719 -1465995990970 1466015485606 -1466015483812 1466015483813 -1466015485302 -301 1465996480200 125095 -1465996605295 -1757 1465996478406 -1465996479868 -3219 1465996481625 19005406 -19004386 1797 1465995989505 521666 -1465996512672 1465996482616 1466015485274 -1466015487032 19004383 -18880310 18880311 -19004295 19005407 1465995992727 -1465996012719 -21440 -1465995991006 1466015485273 -1466015487031 124073 18880310 -19004294 -1489 1466015485301 -55443423 1422 371 1465996012373 -1465996012736 1465996012736 19472866 21439 -1465995991005 1465996482648 124072 -19004256 -1465996481017 1465996480204 -467460 -1465996012373 -363 -1430 1465996014166 -1465996606716 1465996482660 -1465996481211 1465996513637 73800 -73800 18971936 -18880331 -124031 -1465996481239 1465996511173 696 -1465996513667 1761 1465959811369 -1465959811369 -1465959813130 1759 34 1465996481246 -1465996480907 1465996513334 1465959813130 -1760 1760 1465996479445 -1465996481246 1465996513673 -1465996513334 1465959812797 36700537 -1465996513637 1465996513636 -693 -1465996512944 1465996512944 74493 17805 -1465996605271 -1425 337 1465996512633 8 -1465996512978 -36700158 -1465959814227 1465959814563 55672454 -1466015485600 1465959811015 36700166 -1465996512979 -1465996612135 334 1460 -1797 1465959812475 1465959814227 55672419 -55672420 -1465959813149 1466015485601 -18873462 18873429 1465996512975 -1465996511181 -1793 365 1465996512609 -1465996512975 36700165 18873430 -1466015485569 -55672435 36798973 -1466015485564 -1466015483806 55672789 -1746 1746 1465959811385 -18972628 -1465996512943 1465996512943 693 18880331 -18971917 18971917 -18971935 -1465959813146 1465959811351 55672455 -19004362 32427 -1465996513673 1465959813152 -1465959812813 36700521 1465959812813 -1465959811385 -34 -1761 1465959813146 -1465959811386 1465959811386 -1465959813145 1465996479479 -1428 1465996481240 -36668094 -1465959813152 1767 -35 -1427 -36700521 1465996481239 1465959813145 -1759 1466015485271 -19004363 32444 -18 -1465996513636 18971938 -19004365 1466015485272 -19003571 123261 18880309 -1466015485272 1466015485605 -1466015483811 1466015485300 -55672797 -1465959814230 1465996014162 19472741 -1466015485310 -1727 -1465996480890 1465996480945 -55 19004385 -1466015485274 -55181278 -1465960304332 -1466015485239 -19494307 19494306 -1466015485613 18873472 1465996497802 -1465996497782 1465996612119 -36558463 36529767 -36529766 -1465960056399 1465996608022 -21727 -4200 -1465996579374 1465996490071 -1465996490189 1465960053424 -1465960053643 -19 1465996583460 -36529798 36551623 -36551623 36525696 18906237 -18995168 15368 -1465996505557 1465996497367 -1465996497600 1465996583423 36434719 116904 -18902037 -4198 -81753 -11 -7167 -233 36434716 116907 -36529896 90982 -36525696 90981 -18988002 18988003 -1466015485576 1465995991269 -1465995991304 -371 406 -406 -399 397 -397 1465995990904 382 -382 410 -410 1465995991306 379 -1465996494538 -381 23376 4962 19494305 -1466015485575 1465995991270 506497 -36169010 -1465960328792 -36283347 -494735 -1465959834057 1466015485609 -18873470 -19494302 19494303 -18987807 -1465996497802 513504 18995156 -18980798 -1465978600117 1465974314680 -1465974314898 1465974314898 22175517 54383348 -17872348 17872348 -35370460 54365618 -1465996509451 2921 1466015483807 -55443418 1465996508252 -1465996506822 1465996497917 -1465996498134 1465996498135 -7720 1465996499585 -9171 9170 -35397361 18995155 -36436699 -1465960053715 1465960053496 36436699 -1465961119689 19004378 -1466015487025 1465996482735 19004289 1466015485295 1465996488650 -36448262 55443418 -54365616 54365617 -1466015487027 1466015487026 -18995158 -252 -1465960328538 155 1465996506421 -17890077 -1465978600118 -25453151 -9934949 35388189 -9074628 9074718 -35355422 35355421 -1465996506577 -17498112 -1066240 1465996506576 -36453081 -1465960053726 36453081 55431857 -1465996612138 -1465995990906 1465996504410 -401 412 1465995990895 620832 -620827 1465996494632 -1465996494333 78 -370 -19004290 -1465996480978 36452353 -1465996495961 1466015487027 -498145 497112 6214 -6214 -497107 19494294 -1466015485591 1465995990923 1465995991303 -1465995991269 -1466015485223 1466015485222 503243 -503244 1465996494539 -1465996494137 18873471 1465995991307 -18873473 -1465996611738 -385 -1466015485210 -1465996611732 -503237 -1465995991270 1465996497766 -1465996497798 1465960053340 -1465960051878 1465996482646 1465960040386 55443424 -19004385 31746 -521667 506496 1465996506494 -1465996506521 -1790 1465996480201 125094 3219 -1465996479869 1465996478404 489922 18972640 -18987810 -1465996497803 -55156820 55156821 1465995990926 -19122307 85152 -79874 -5286 -1465996363272 -296850 288223780709826578 -288223780699714164 604050 288221580079908789 72096 -72096 87116 -12741130 12741130 -2200619092078 2200606389250 12702827 -12741127 11533329 1216970 -9172 -2200619182009 2200619182011 9171 15024 -2200619182008 2200606440878 12750306 -9170 9169 -4468727 -8281581 -2200606440616 2200619203882 -37157 37156 -2200619097160 2200619097160 -37156 -10395152 -2200619077823 2200619090788 -17 -12966 -49759 49759 71821 -71844 -49752 121604 -71845 78158 -78261 12985 -12983 12991 -2200619121736 2200619121731 -62744 62724 -62726 57801 -24187 -49754 49755 12969 58884 -121605 -2200619034436 2200619034438 62722 -12969 12989 -12988 12968 12966 12 -12987 -24189 -2200619097161 2200619097163 -37159 10382184 -12702828 -38309 12750308 -12750299 12750298 -1207798 1216971 -24170 24171 -9174 9174 -19177188 -307202 19484388 394 -22 1465996308424 -307200 307202 -1465996308426 -1466015485233 1465996308047 303714 -303712 -1465996001225 1465996308426 303713 -303714 -1465996308399 1465996001199 -1465996308090 -1466015485603 -1466015483809 1465996478403 -204546 -1465996308126 -19004296 1465996479895 -171778 -1465996309847 1465996309846 307201 -1465996482646 1757 -18880311 1465960041878 1466015487031 -1466015485301 -308 1465996000853 -1465996001216 1465996001216 19484386 -19177185 307200 1466015483812 1465996001224 -1465995999427 -1426 1465996480196 -478980 -19177186 -1465996309846 1465996309847 -307201 -1465996001199 -19004366 795 1465996002642 19484261 55 19004328 -19004384 1465960302535 1793 1465996308054 19177187 -1465996308425 -1465996308406 -28696 -85657 -1465996500508 -36551624 -1465960053676 1465996583572 -1465996583201 1465996579001 -88932 88930 -88931 -1465996579119 1465996505557 -8190 -7178 7167 -1465996497356 -116907 95180 90980 1465996308389 -1465996308424 -26 37 -402 -1465996308016 -1465996308427 -1465996611740 -88918 89263 18878433 19177185 1465996308390 189361 -1465996497786 1465960328792 36283347 -36777954 -1465959834185 -19177182 19177183 -18987824 196384 -16380 17890077 1465961758921 -1465961759139 1465961759139 34731276 54350579 -17896767 17896767 18995158 -35378492 -1465961128038 1466015485269 -1466015488226 2625 3189 -19004380 1465996479516 -36439127 18978776 1465993968652 -1465993968870 1465993968870 2521545 -36436698 -1465960053716 1465960053497 36436698 -35362111 1466015485267 -19004378 -54357267 54357268 -1466015485352 -18995159 -1465996490447 1465960328791 1465996504400 1465978600337 1465967250134 29240062 -29240062 -6115360 -18371247 -17016943 -17465344 -1074588 -36453080 -1465960053727 36453080 55431856 -1465996504410 -409 -18873467 -1465996612131 1465996308427 303712 -303707 1465996494594 -1465996494295 1466015486995 -18880306 -1465996481221 1465996481310 -1465996481005 1465996490872 -181025 179992 6176 -6176 -179987 19177174 -1466015485592 1465996308043 1465996308423 -1465996308389 186123 -186124 1465996504809 -1465996504407 -378 1465996494538 18991073 1466015485225 -1465996611737 1465996308018 186116 -1465996494506 1465996497750 -36444110 -1465960053672 -55443425 -1465960042179 -1429 -172801 204547 189360 9044 18978781 1465996479869 -1465996480201 1020 172802 16559 15186 -1465960328793 19177186 1465996308046 -19122315 85160 -54556 -1465996308717 -600850 600850 -10419592 -2200619201348 2200619129229 72091 15032 -2200619092085 2200619092086 -12741128 38296 12711994 -12750287 12750286 -9161 -1207806 -9164 -2200619182016 2200619182019 9165 2200606440888 12750296 -9162 9161 -8281571 -2200606440626 2200619203942 -37217 37216 -2200619097220 2200619097220 -37216 2200619090848 -62921 62924 -13046 -49878 49879 71852 -71876 -49872 121756 -71877 78261 -78346 71877 -71875 71876 16709 -88604 13045 -13043 13051 -2200619121791 2200619058867 62905 -62905 57921 -57921 25687 -25686 49876 13030 -13030 13027 -13026 -49875 -2200619034316 2200619034317 49875 71882 -121757 -49873 49874 13028 13026 -37235 -2200619097221 2200619097223 10382124 -12702832 -38302 38302 12711996 -12750289 12750288 -9166 9166 -19176868 -304322 -1465996004424 1465996308358 -1465996308744 1465996004424 304322 -1465996308747 1465996308367 -1465996004425 1465996308746 303393 -303394 -1465996308719 1465996004399 19481188 -1465996308410 
Potential of Offsets elements: 27.9534 27.9534 27.9534 27.9534 27.9534 937.953 27.9534 27.9534 63.9534 44.9534 27.9534 27.9534 445.953 27.9534 33.9534 27.9534 27.9534 595.953 27.9534 929.953 27.9534 27.9534 27.9534 27.9534 30.9534 27.9534 27.9534 27.9534 27.9534 27.9534 27.9534 27.9534 27.9534 27.9534 27.9534 201.953 27.9534 27.9534 27.9534 68.9534 27.9534 27.9534 27.9534 27.9534 27.9534 27.9534 27.9534 657.883 27.9534 27.9534 28.9534 291.953 27.9534 27.9534 27.9534 27.9534 27.9534 27.9534 27.9534 27.9534 27.9534 35.9534 27.9534 27.9534 27.9534 27.9534 27.9534 27.9534 27.9534 1136.95 27.9534 27.9534 27.9534 27.9534 27.9534 27.9534 27.9534 27.9534 1139.95 27.9534 27.9534 27.9534 27.9534 27.9534 27.9534 27.9534 37.9534 27.9534 27.9534 27.9534 27.9534 27.9534 27.9534 27.9534 27.9534 27.9534 27.9534 651.953 27.9534 42.9534 27.9534 27.9534 27.9534 27.9534 27.9534 27.9534 27.9534 27.9534 27.9534 27.9534 27.9534 27.9534 27.9534 27.9534 27.9534 27.9534 27.9534 27.9534 27.9534 27.9534 27.9534 27.9534 27.9534 27.9534 27.9534 27.9534 27.9534 27.9534 27.9534 27.9534 27.9534 27.9534 27.9534 27.9534 27.9534 27.9534 135.953 27.9534 27.9534 124.953 27.9534 27.9534 47.9534 39.9534 77.9534 67.9534 27.9534 27.9534 371.953 30.9534 27.9534 27.9534 27.9534 27.9534 27.9534 27.9534 27.9534 27.9534 27.9534 27.9534 27.9534 27.9534 115.953 27.9534 27.9534 27.9534 27.9534 27.9534 27.9534 27.9534 27.9534 27.9534 27.9534 27.9534 27.9534 27.9534 27.9534 27.9534 27.9534 27.9534 27.9534 27.9534 27.9534 27.9534 27.9534 27.9534 27.9534 27.9534 27.9534 27.9534 27.9534 27.9534 27.9534 27.9534 27.9534 27.9534 27.9534 57.9534 67.9534 51.9534 123.953 77.9534 115.953 42.9534 153.953 60.9534 83.9534 37.9534 94.9534 27.9534 57.9534 29.9534 33.9534 67.9534 27.9534 27.9534 69.9534 27.9534 27.9534 27.9534 27.9534 27.9534 147.953 27.9534 27.9534 27.9534 32.9534 35.9534 27.9534 27.9534 139.953 27.9534 27.9534 27.9534 27.9534 27.9534 27.9534 27.9534 27.9534 27.9534 27.9534 27.9534 27.9534 27.9534 27.9534 27.9534 27.9534 27.9534 27.9534 27.9534 27.9534 27.9534 27.9534 27.9534 27.9534 27.9534 27.9534 27.9534 27.9534 27.9534 27.9534 27.9534 27.9534 27.9534 27.9534 27.9534 27.9534 27.9534 27.9534 27.9534 946.953 27.9534 27.9534 27.9534 27.9534 27.9534 471.953 29.9534 27.9534 760.953 30.9534 27.9534 27.9534 27.9534 27.9534 27.9534 27.9534 27.9534 27.9534 31.9534 27.9534 27.9534 27.9534 27.9534 27.9534 27.9534 27.9534 27.9534 27.9534 27.9534 27.9534 34.9534 27.9534 27.9534 27.9534 27.9534 27.9534 27.9534 27.9534 27.9534 27.9534 27.9534 333.953 27.9534 27.9534 46.9534 27.9534 27.9534 27.9534 29.9534 27.9534 27.9534 27.9534 27.9534 27.9534 27.9534 27.9534 27.9534 27.9534 27.9534 43.9534 27.9534 43.9534 49.9534 27.9534 34.9534 139.953 27.9534 27.9534 99.9534 52.9534 27.9534 27.9534 45.9534 176.953 98.9534 27.9534 55.9534 73.9534 39.9534 55.9534 27.9534 27.9534 27.9534 27.9534 27.9534 63.9534 99.9534 127.953 57.9534 36.9534 676.953 63.9534 97.9534 27.9534 27.9534 36.9534 27.9534 27.9534 28.9534 27.9534 27.9534 27.9534 27.9534 27.9534 27.9534 44.9534 27.9534 27.9534 1501.12 1002.95 29.9534 27.9534 27.9534 29.9534 27.9534 27.9534 27.9534 27.9534 27.9534 27.9534 27.9534 27.9534 27.9534 27.9534 27.9534 27.9534 27.9534 27.9534 27.9534 27.9534 27.9534 27.9534 27.9534 27.9534 27.9534 27.9534 28.9534 27.9534 27.9534 36.9534 27.9534 27.9534 29.9534 27.9534 27.9534 27.9534 27.9534 27.9534 27.9534 27.9534 27.9534 27.9534 27.9534 27.9534 27.9534 27.9534 27.9534 27.9534 27.9534 27.9534 27.9534 27.9534 938.953 27.9534 27.9534 27.9534 37.9534 27.9534 27.9534 27.9534 27.9534 27.9534 856.953 27.9534 27.9534 27.9534 27.9534 27.9534 27.9534 27.9534 27.9534 27.9534 27.9534 27.9534 27.9534 37.9534 27.9534 27.9534 136.953 505.953 34.9534 211.953 27.9534 27.9534 27.9534 27.9534 27.9534 27.9534 27.9534 574.953 27.9534 35.9534 27.9534 27.9534 27.9534 27.9534 27.9534 27.9534 34.9534 27.9534 27.9534 27.9534 27.9534 27.9534 48.9534 27.9534 27.9534 27.9534 27.9534 27.9534 27.9534 27.9534 27.9534 27.9534 27.9534 27.9534 27.9534 141.953 27.9534 27.9534 104.953 266.953 27.9534 27.9534 27.9534 27.9534 27.9534 27.9534 27.9534 72.9534 27.9534 27.9534 27.9534 27.9534 27.9534 27.9534 27.9534 27.9534 37.9534 27.9534 86.9534 27.9534 27.9534 27.9534 27.9534 27.9534 27.9534 27.9534 27.9534 27.9534 27.9534 27.9534 27.9534 33.9534 27.9534 27.9534 27.9534 27.9534 27.9534 27.9534 27.9534 27.9534 27.9534 27.9534 27.9534 27.9534 27.9534 33.9534 27.9534 27.9534 27.9534 36.9534 27.9534 75.9534 55.9534 115.953 27.9534 27.9534 126.953 27.9534 42.9534 59.9534 45.9534 27.9534 27.9534 27.9534 27.9534 231.953 118.953 42.9534 33.9534 27.9534 27.9534 27.9534 27.9534 27.9534 27.9534 27.9534 63.9534 71.9534 57.9534 83.9534 27.9534 77.9534 71.9534 36.9534 79.9534 54.9534 27.9534 27.9534 27.9534 27.9534 27.9534 27.9534 27.9534 27.9534 27.9534 27.9534 27.9534 27.9534 27.9534 27.9534 27.9534 27.9534 27.9534 27.9534 27.9534 27.9534 27.9534 27.9534 27.9534 27.9534 27.9534 27.9534 27.9534 27.9534 27.9534 27.9534 27.9534 27.9534 27.9534 27.9534 76.9534 27.9534 27.9534 27.9534 27.9534 27.9534 27.9534 27.9534 27.9534 27.9534 27.9534 27.9534 27.9534 27.9534 27.9534 27.9534 27.9534 27.9534 27.9534 27.9534 55.9534 152.953 72.9534 27.9534 382.953 27.9534 27.9534 27.9534 27.9534 27.9534 58.9534 27.9534 27.9534 27.9534 27.9534 27.9534 27.9534 45.9534 27.9534 27.9534 27.9534 27.9534 27.9534 58.9534 27.9534 27.9534 27.9534 27.9534 89.9534 56.9534 27.9534 27.9534 27.9534 27.9534 52.9534 27.9534 27.9534 27.9534 76.9534 27.9534 27.9534 27.9534 27.9534 27.9534 27.9534 27.9534 27.9534 27.9534 27.9534 27.9534 27.9534 27.9534 27.9534 27.9534 27.9534 27.9534 27.9534 27.9534 27.9534 27.9534 27.9534 27.9534 321.953 27.9534 27.9534 27.9534 27.9534 27.9534 27.9534 27.9534 27.9534 27.9534 27.9534 27.9534 72.9534 27.9534 27.9534 27.9534 27.9534 27.9534 27.9534 27.9534 27.9534 559.953 27.9534 27.9534 36.9534 87.9534 29.9534 27.9534 71.9534 27.9534 65.9534 77.9534 62.9534 27.9534 27.9534 27.9534 27.9534 27.9534 153.953 87.9534 27.9534 329.953 73.9534 126.953 31.9534 27.9534 33.9534 27.9534 27.9534 41.9534 35.9534 27.9534 27.9534 48.9534 27.9534 27.9534 27.9534 27.9534 27.9534 39.9534 27.9534 27.9534 27.9534 27.9534 27.9534 27.9534 298.953 28.9534 27.9534 27.9534 27.9534 27.9534 27.9534 65.9534 27.9534 27.9534 27.9534 35.9534 31.9534 27.9534 27.9534 27.9534 27.9534 27.9534 443.953 27.9534 33.9534 27.9534 27.9534 27.9534 27.9534 27.9534 27.9534 27.9534 27.9534 27.9534 27.9534 27.9534 27.9534 27.9534 27.9534 27.9534 27.9534 27.9534 27.9534 27.9534 27.9534 27.9534 27.9534 27.9534 28.9534 27.9534 27.9534 27.9534 27.9534 27.9534 27.9534 27.9534 27.9534 27.9534 27.9534 27.9534 27.9534 27.9534 39.9534 27.9534 27.9534 27.9534 27.9534 27.9534 27.9534 27.9534 27.9534 27.9534 27.9534 27.9534 27.9534 27.9534 27.9534 27.9534 27.9534 27.9534 27.9534 36.9534 27.9534 29.9534 51.9534 27.9534 27.9534 27.9534 27.9534 27.9534 27.9534 27.9534 27.9534 27.9534 27.9534 48.9534 27.9534 27.9534 27.9534 27.9534 27.9534 51.9534 51.9534 27.9534 27.9534 27.9534 27.9534 159.953 27.9534 27.9534 27.9534 45.9534 72.9534 114.953 27.9534 27.9534 28.9534 27.9534 27.9534 27.9534 27.9534 27.9534 27.9534 27.9534 27.9534 27.9534 27.9534 219.953 27.9534 27.9534 57.9534 27.9534 27.9534 27.9534 27.9534 37.9534 27.9534 27.9534 35.9534 37.9534 27.9534 27.9534 27.9534 27.9534 27.9534 29.9534 27.9534 27.9534 27.9534 27.9534 27.9534 27.9534 27.9534 27.9534 27.9534 27.9534 27.9534 27.9534 27.9534 27.9534 27.9534 27.9534 27.9534 27.9534 27.9534 27.9534 31.9534 27.9534 27.9534 27.9534 27.9534 27.9534 27.9534 27.9534 27.9534 27.9534 27.9534 27.9534 27.9534 27.9534 27.9534 27.9534 27.9534 30.9534 27.9534 27.9534 27.9534 27.9534 27.9534 27.9534 27.9534 27.9534 27.9534 27.9534 27.9534 27.9534 27.9534 27.9534 27.9534 27.9534 27.9534 27.9534 27.9534 27.9534 27.9534 27.9534 27.9534 27.9534 27.9534 27.9534 27.9534 27.9534 29.9534 27.9534 27.9534 27.9534 27.9534 27.9534 27.9534 27.9534 27.9534 27.9534 27.9534 27.9534 27.9534 27.9534 27.9534 27.9534 27.9534 27.9534 27.9534 27.9534 27.9534 70.9534 27.9534 27.9534 27.9534 27.9534 27.9534 27.9534 27.9534 27.9534 27.9534 27.9534 35.9534 27.9534 66.9534 27.9534 27.9534 27.9534 27.9534 27.9534 27.9534 27.9534 27.9534 27.9534 27.9534 27.9534 27.9534 27.9534 27.9534 27.9534 27.9534 27.9534 27.9534 27.9534 27.9534 27.9534 27.9534 27.9534 27.9534 27.9534 27.9534 27.9534 27.9534 27.9534 27.9534 27.9534 27.9534 27.9534 49.9534 27.9534 44.9534 27.9534 27.9534 27.9534 27.9534 27.9534 27.9534 27.9534 27.9534 27.9534 27.9534 27.9534 62.9534 87.9534 27.9534 27.9534 27.9534 27.9534 27.9534 27.9534 629.953 27.9534 27.9534 27.9534 27.9534 27.9534 27.9534 27.9534 27.9534 27.9534 27.9534 27.9534 27.9534 27.9534 27.9534 27.9534 27.9534 27.9534 27.9534 27.9534 27.9534 27.9534 27.9534 27.9534 27.9534 27.9534 27.9534 29.9534 27.9534 27.9534 33.9534 27.9534 27.9534 29.9534 27.9534 27.9534 27.9534 27.9534 27.9534 27.9534 27.9534 27.9534 27.9534 27.9534 27.9534 27.9534 27.9534 27.9534 27.9534 27.9534 27.9534 27.9534 27.9534 27.9534 27.9534 37.9534 27.9534 27.9534 27.9534 28.9534 27.9534 27.9534 27.9534 27.9534 27.9534 27.9534 27.9534 27.9534 27.9534 27.9534 27.9534 27.9534 37.9534 27.9534 27.9534 67.9534 27.9534 27.9534 35.9534 27.9534 27.9534 39.9534 27.9534 27.9534 32.9534 102.953 445.953 39.9534 27.9534 27.9534 27.9534 27.9534 29.9534 28.9534 27.9534 27.9534 27.9534 27.9534 27.9534 27.9534 27.9534 27.9534 27.9534 27.9534 27.9534 30.9534 27.9534 73.9534 27.9534 27.9534 27.9534 27.9534 27.9534 27.9534 27.9534 27.9534 326.953 27.9534 27.9534 54.9534 27.9534 41.9534 27.9534 27.9534 27.9534 27.9534 27.9534 27.9534 27.9534 27.9534 27.9534 27.9534 27.9534 27.9534 27.9534 27.9534 51.9534 27.9534 27.9534 27.9534 27.9534 27.9534 302.953 27.9534 27.9534 27.9534 27.9534 27.9534 27.9534 27.9534 27.9534 27.9534 27.9534 27.9534 27.9534 27.9534 27.9534 27.9534 27.9534 27.9534 27.9534 27.9534 27.9534 27.9534 27.9534 27.9534 33.9534 27.9534 27.9534 33.9534 27.9534 27.9534 27.9534 27.9534 27.9534 27.9534 27.9534 27.9534 27.9534 27.9534 27.9534 27.9534 27.9534 27.9534 27.9534 27.9534 27.9534 27.9534 27.9534 33.9534 27.9534 27.9534 27.9534 27.9534 27.9534 27.9534 27.9534 27.9534 39.9534 27.9534 27.9534 27.9534 27.9534 27.9534 27.9534 27.9534 27.9534 27.9534 27.9534 27.9534 27.9534 27.9534 27.9534 27.9534 27.9534 27.9534 27.9534 27.9534 27.9534 27.9534 27.9534 29.9534 27.9534 27.9534 27.9534 27.9534 27.9534 27.9534 27.9534 27.9534 27.9534 27.9534 27.9534 27.9534 27.9534 27.9534 27.9534 27.9534 27.9534 27.9534 27.9534 27.9534 27.9534 27.9534 27.9534 27.9534 27.9534 27.9534 27.9534 27.9534 27.9534 27.9534 27.9534 27.9534 27.9534 27.9534 27.9534 27.9534 27.9534 27.9534 27.9534 27.9534 27.9534 27.9534 27.9534 27.9534 27.9534 27.9534 27.9534 27.9534 27.9534 27.9534 27.9534 27.9534 27.9534 27.9534 27.9534 27.9534 27.9534 27.9534 27.9534 27.9534 27.9534 27.9534 27.9534 27.9534 27.9534 27.9534 27.9534 27.9534 27.9534 27.9534 27.9534 27.9534 27.9534 27.9534 27.9534 27.9534 27.9534 27.9534 27.9534 27.9534 27.9534 27.9534 27.9534 27.9534 27.9534 27.9534 27.9534 27.9534 27.9534 27.9534 27.9534 27.9534 27.9534 27.9534 27.9534 27.9534 27.9534 27.9534 27.9534 27.9534 27.9534 27.9534 
rewards of Offsets elements: 0 0 0 0 0 910 0 0 36 17 0 0 418 0 6 0 0 568 0 902 0 0 0 0 3 0 0 0 0 0 0 0 0 0 0 174 0 0 0 41 0 0 0 0 0 0 0 648 0 0 1 264 0 0 0 0 0 0 0 0 0 8 0 0 0 0 0 0 0 1109 0 0 0 0 0 0 0 0 1112 0 0 0 0 0 0 0 10 0 0 0 0 0 0 0 0 0 0 624 0 15 0 0 0 0 0 0 0 0 0 0 0 0 0 0 0 0 0 0 0 0 0 0 0 0 0 0 0 0 0 0 0 0 0 0 0 0 108 0 0 97 0 0 20 12 50 40 0 0 344 3 0 0 0 0 0 0 0 0 0 0 0 0 88 0 0 0 0 0 0 0 0 0 0 0 0 0 0 0 0 0 0 0 0 0 0 0 0 0 0 0 0 0 0 0 0 0 0 30 40 24 96 50 88 15 126 33 56 10 67 0 30 2 6 40 0 0 42 0 0 0 0 0 120 0 0 0 5 8 0 0 112 0 0 0 0 0 0 0 0 0 0 0 0 0 0 0 0 0 0 0 0 0 0 0 0 0 0 0 0 0 0 0 0 0 0 0 0 0 0 0 919 0 0 0 0 0 444 2 0 733 3 0 0 0 0 0 0 0 0 4 0 0 0 0 0 0 0 0 0 0 0 7 0 0 0 0 0 0 0 0 0 0 306 0 0 19 0 0 0 2 0 0 0 0 0 0 0 0 0 0 16 0 16 22 0 7 112 0 0 72 25 0 0 18 149 71 0 28 46 12 28 0 0 0 0 0 36 72 100 30 9 649 36 70 0 0 9 0 0 1 0 0 0 0 0 0 17 0 0 1501 975 2 0 0 2 0 0 0 0 0 0 0 0 0 0 0 0 0 0 0 0 0 0 0 0 0 0 1 0 0 9 0 0 2 0 0 0 0 0 0 0 0 0 0 0 0 0 0 0 0 0 0 0 911 0 0 0 10 0 0 0 0 0 829 0 0 0 0 0 0 0 0 0 0 0 0 10 0 0 109 478 7 184 0 0 0 0 0 0 0 547 0 8 0 0 0 0 0 0 7 0 0 0 0 0 21 0 0 0 0 0 0 0 0 0 0 0 0 114 0 0 77 239 0 0 0 0 0 0 0 45 0 0 0 0 0 0 0 0 10 0 59 0 0 0 0 0 0 0 0 0 0 0 0 6 0 0 0 0 0 0 0 0 0 0 0 0 0 6 0 0 0 9 0 48 28 88 0 0 99 0 15 32 18 0 0 0 0 204 91 15 6 0 0 0 0 0 0 0 36 44 30 56 0 50 44 9 52 27 0 0 0 0 0 0 0 0 0 0 0 0 0 0 0 0 0 0 0 0 0 0 0 0 0 0 0 0 0 0 0 0 0 0 49 0 0 0 0 0 0 0 0 0 0 0 0 0 0 0 0 0 0 0 28 125 45 0 355 0 0 0 0 0 31 0 0 0 0 0 0 18 0 0 0 0 0 31 0 0 0 0 62 29 0 0 0 0 25 0 0 0 49 0 0 0 0 0 0 0 0 0 0 0 0 0 0 0 0 0 0 0 0 0 0 0 294 0 0 0 0 0 0 0 0 0 0 0 45 0 0 0 0 0 0 0 0 532 0 0 9 60 2 0 44 0 38 50 35 0 0 0 0 0 126 60 0 302 46 99 4 0 6 0 0 14 8 0 0 21 0 0 0 0 0 12 0 0 0 0 0 0 271 1 0 0 0 0 0 38 0 0 0 8 4 0 0 0 0 0 416 0 6 0 0 0 0 0 0 0 0 0 0 0 0 0 0 0 0 0 0 0 0 0 0 0 1 0 0 0 0 0 0 0 0 0 0 0 0 0 12 0 0 0 0 0 0 0 0 0 0 0 0 0 0 0 0 0 0 9 0 2 24 0 0 0 0 0 0 0 0 0 0 21 0 0 0 0 0 24 24 0 0 0 0 132 0 0 0 18 45 87 0 0 1 0 0 0 0 0 0 0 0 0 0 192 0 0 30 0 0 0 0 10 0 0 8 10 0 0 0 0 0 2 0 0 0 0 0 0 0 0 0 0 0 0 0 0 0 0 0 0 0 0 4 0 0 0 0 0 0 0 0 0 0 0 0 0 0 0 0 3 0 0 0 0 0 0 0 0 0 0 0 0 0 0 0 0 0 0 0 0 0 0 0 0 0 0 0 0 2 0 0 0 0 0 0 0 0 0 0 0 0 0 0 0 0 0 0 0 0 43 0 0 0 0 0 0 0 0 0 0 8 0 39 0 0 0 0 0 0 0 0 0 0 0 0 0 0 0 0 0 0 0 0 0 0 0 0 0 0 0 0 0 0 0 0 0 22 0 17 0 0 0 0 0 0 0 0 0 0 0 35 60 0 0 0 0 0 0 602 0 0 0 0 0 0 0 0 0 0 0 0 0 0 0 0 0 0 0 0 0 0 0 0 0 0 2 0 0 6 0 0 2 0 0 0 0 0 0 0 0 0 0 0 0 0 0 0 0 0 0 0 0 0 10 0 0 0 1 0 0 0 0 0 0 0 0 0 0 0 0 10 0 0 40 0 0 8 0 0 12 0 0 5 75 418 12 0 0 0 0 2 1 0 0 0 0 0 0 0 0 0 0 0 3 0 46 0 0 0 0 0 0 0 0 299 0 0 27 0 14 0 0 0 0 0 0 0 0 0 0 0 0 0 0 24 0 0 0 0 0 275 0 0 0 0 0 0 0 0 0 0 0 0 0 0 0 0 0 0 0 0 0 0 0 6 0 0 6 0 0 0 0 0 0 0 0 0 0 0 0 0 0 0 0 0 0 0 6 0 0 0 0 0 0 0 0 12 0 0 0 0 0 0 0 0 0 0 0 0 0 0 0 0 0 0 0 0 0 0 2 0 0 0 0 0 0 0 0 0 0 0 0 0 0 0 0 0 0 0 0 0 0 0 0 0 0 0 0 0 0 0 0 0 0 0 0 0 0 0 0 0 0 0 0 0 0 0 0 0 0 0 0 0 0 0 0 0 0 0 0 0 0 0 0 0 0 0 0 0 0 0 0 0 0 0 0 0 0 0 0 0 0 0 0 0 0 0 0 0 0 0 0 0 0 0 0 0 0 0 0 0 0 Printing Sanity3
offset_index value1393
offset list size1393
reward size1393
potential size1393
-----------------------------------------------------------------------------------------------------------------------------------------------------------------------------------------------------

DRAM Statistics
 CHANNEL 0
 RQ ROW_BUFFER_HIT:    1658278  ROW_BUFFER_MISS:    2413294
 DBUS_CONGESTED:       1700
 WQ ROW_BUFFER_HIT:     612407  ROW_BUFFER_MISS:    2022622  FULL:      40218

 AVG_CONGESTED_CYCLE: 3
 All warmup complete: 2
Channel 0 Bank busy for read cycles: 0
Channel 0 Bank busy for write cycles: 0
Channel 0
Rank 0
0banks busy for read cycles: 166298171
0banks busy for write cycles: 293253
1banks busy for read cycles: 77922982
1banks busy for write cycles: 45514272
2banks busy for read cycles: 23394702
2banks busy for write cycles: 21501917
3banks busy for read cycles: 16893083
3banks busy for write cycles: 10540302
4banks busy for read cycles: 8683071
4banks busy for write cycles: 5941341
5banks busy for read cycles: 5673400
5banks busy for write cycles: 4083357
6banks busy for read cycles: 11174600
6banks busy for write cycles: 3654393
7banks busy for read cycles: 4921232
7banks busy for write cycles: 5877393
8banks busy for read cycles: 13850866
8banks busy for write cycles: 33849512

CPU 0 Branch Prediction Accuracy: 99.9393% MPKI: 0.094655 Average ROB Occupancy at Mispredict: 111.687
Branch types
NOT_BRANCH: 168807431 84.4037%
BRANCH_DIRECT_JUMP: 1719252 0.859626%
BRANCH_INDIRECT: 9847536 4.92377%
BRANCH_CONDITIONAL: 12965646 6.48282%
BRANCH_DIRECT_CALL: 2636580 1.31829%
BRANCH_INDIRECT_CALL: 693283 0.346641%
BRANCH_RETURN: 3329925 1.66496%
BRANCH_OTHER: 0 0%

DRAM PAGES: 1048576
Allocated PAGES: 24906
