
*** ChampSim Multicore Out-of-Order Simulator ***

Warmup Instructions: 50000000
Simulation Instructions: 200000000
Number of CPUs: 1
LLC sets: 2048
LLC ways: 16
Off-chip DRAM Size: 4096 MB Channels: 1 Width: 64-bit Data Rate: 6400 MT/s
CPU 0 runs traces/spec2k17/srv_70.champsimtrace.xz
.xz
BTB has LRU replacement policy
ITLB has LRU replacement policy
DTLB has LRU replacement policy
STLB has LRU replacement policy
L1I has LRU replacement policy
L1D has LRU replacement policy
Initialize SRRIP state for L2C
Initialize DRRIP state for LLC
Heartbeat CPU 0 instructions: 10000000 cycles: 2806876 heartbeat IPC: 3.56268 cumulative IPC: 3.56268 (Simulation time: 0 hr 0 min 40 sec) 
Heartbeat CPU 0 instructions: 20000000 cycles: 5612491 heartbeat IPC: 3.56428 cumulative IPC: 3.56348 (Simulation time: 0 hr 1 min 17 sec) 
Heartbeat CPU 0 instructions: 30000000 cycles: 8419558 heartbeat IPC: 3.56244 cumulative IPC: 3.56313 (Simulation time: 0 hr 1 min 53 sec) 
*** Reached end of trace for Core: 0 Repeating trace: traces/spec2k17/srv_70.champsimtrace.xz
Heartbeat CPU 0 instructions: 40000001 cycles: 11220772 heartbeat IPC: 3.56988 cumulative IPC: 3.56482 (Simulation time: 0 hr 2 min 31 sec) 
Heartbeat CPU 0 instructions: 50000003 cycles: 14024886 heartbeat IPC: 3.56619 cumulative IPC: 3.56509 (Simulation time: 0 hr 3 min 9 sec) 

Warmup complete CPU 0 instructions: 50000003 cycles: 14024886 (Simulation time: 0 hr 3 min 9 sec) 

Offsets elements: 
Potential of Offsets elements: 
rewards of Offsets elements: 
Printing Sanity1
offset list size1992
Offsets elements: 
Potential of Offsets elements: 
rewards of Offsets elements: 0 0 854 0 0 0 0 0 0 319 0 4 0 842 0 0 2362 0 0 0 5 0 0 592 0 0 0 0 1965 2 0 4 0 0 0 855 0 0 0 898 0 0 0 601 0 0 0 0 0 0 0 90 29 0 0 0 0 0 0 0 0 0 0 14 18 0 0 0 0 0 0 0 0 0 0 0 0 0 0 0 0 0 0 0 0 0 0 0 0 320 0 0 0 0 0 0 0 0 0 0 0 0 0 0 116 0 83 0 0 0 0 0 0 0 0 0 0 0 0 0 0 0 0 6 4 22 0 142 34 0 0 0 0 0 0 339 111 48 0 0 0 0 0 0 0 0 0 0 0 0 0 0 0 0 0 0 0 83 0 0 0 0 0 265 0 0 0 0 0 0 0 0 9 0 0 186 1532 0 0 0 0 0 0 0 0 0 0 0 0 0 0 0 66 0 0 0 0 0 0 0 0 0 0 0 0 0 518 0 0 438 0 0 0 0 786 0 0 102 200 8 0 0 0 3 0 299 364 177 0 0 0 0 0 0 0 0 0 0 0 0 0 0 0 0 0 0 0 0 92 0 0 0 0 0 0 0 0 0 0 0 0 0 0 0 0 0 0 0 0 0 0 0 0 0 0 0 0 234 14 0 0 0 0 0 0 0 0 0 0 0 0 417 0 0 0 5 26 0 0 5 148 0 0 0 0 0 0 57 0 0 0 0 0 0 0 0 0 646 311 0 0 0 0 0 0 0 0 0 0 0 0 0 0 0 0 0 0 0 0 0 0 0 0 0 0 0 0 0 0 0 240 0 0 0 0 0 273 0 0 0 0 0 0 0 0 0 0 0 0 0 0 0 0 4 0 0 0 0 0 12 3 0 0 0 0 0 208 34 328 4 1 0 0 0 0 0 0 0 0 0 0 0 0 0 0 0 0 48 4 0 0 0 0 0 0 0 0 0 0 0 0 0 0 0 0 70 0 0 113 220 0 0 0 0 0 0 0 0 0 0 0 0 0 0 0 0 0 0 0 0 0 0 0 0 0 0 0 0 0 0 0 0 0 0 0 0 0 0 0 0 0 0 0 0 0 0 0 0 0 0 3 0 20 132 0 0 0 224 33 6 6 0 0 0 0 0 0 0 0 0 0 0 0 0 0 0 0 0 0 111 0 0 0 0 66 0 0 0 51 0 0 0 0 0 99 90 0 30 216 0 0 0 0 0 80 0 0 0 0 0 0 40 250 34 0 0 0 0 0 0 0 0 0 0 0 0 0 0 0 0 0 0 0 0 0 0 0 305 0 0 118 0 0 0 0 0 0 0 0 0 0 0 0 0 0 47 0 0 0 0 0 0 0 0 0 0 0 0 2 0 0 0 0 0 0 0 5 0 1 0 0 0 45 0 0 0 0 1 0 0 0 0 0 0 0 0 14 0 0 0 0 0 0 0 0 0 0 6 6 450 0 0 0 0 0 0 0 2 0 52 0 0 0 0 1 0 0 0 0 0 0 0 0 0 0 0 0 6 31 0 0 0 0 0 0 0 0 0 0 0 297 12 0 0 0 0 0 0 0 0 0 0 0 0 0 0 0 0 0 0 0 0 0 0 0 0 0 0 0 0 306 0 48 0 0 0 2 0 0 0 0 169 9 9 0 0 0 0 0 0 144 0 0 5 0 0 0 36 52 0 0 0 0 0 0 0 323 0 0 0 0 17 0 0 0 0 0 0 0 0 0 0 0 0 0 0 0 0 72 0 0 0 0 0 0 0 0 0 0 38 0 0 0 60 0 0 0 0 0 0 0 0 0 0 0 0 0 0 0 0 0 0 0 0 126 0 0 0 0 0 0 104 0 0 0 0 0 0 0 0 0 0 0 27 4 0 0 0 0 0 0 0 14 0 0 0 0 0 0 0 56 0 0 0 0 0 49 0 84 0 0 0 0 0 0 54 9 0 0 0 1 0 0 0 215 0 0 0 0 0 0 0 60 0 0 0 0 272 441 2 4 0 0 47 58 0 0 432 260 0 0 0 0 78 34 0 0 0 0 0 0 0 0 1 0 0 0 0 0 0 3 0 0 0 0 0 0 0 0 0 0 0 0 0 0 744 405 100 372 9 0 0 0 0 423 0 0 0 0 0 0 0 0 0 16 0 0 0 0 0 0 0 0 0 0 0 0 0 0 0 0 0 0 0 0 176 0 0 0 0 18 0 0 24 0 0 0 0 6 0 0 0 630 0 0 0 27 0 172 0 0 3 0 0 0 0 0 579 11 0 0 0 0 38 25 34 343 0 0 0 0 0 0 0 0 0 0 0 0 0 0 0 0 0 0 0 0 0 0 0 0 0 0 0 0 0 0 0 0 0 0 0 0 0 0 0 0 0 0 0 0 0 3 0 49 0 1 0 0 0 0 0 0 0 0 0 0 52 60 168 1 0 200 5 0 0 0 28 28 0 0 0 0 0 0 0 0 0 0 0 0 0 0 0 0 0 0 0 0 0 0 0 0 0 0 0 0 0 0 168 620 0 0 0 0 0 0 0 0 0 0 0 0 0 0 0 0 0 0 0 0 0 0 0 0 0 0 0 0 0 36 31 0 0 0 0 0 0 0 30 0 0 0 0 0 1 60 89 0 218 0 0 0 0 0 0 0 0 0 0 0 0 0 0 0 31 49 0 0 0 0 0 0 0 5 0 0 0 0 0 0 35 0 132 0 0 0 0 0 0 0 0 0 0 0 0 0 0 0 0 0 0 0 0 64 50 0 0 109 0 0 0 0 0 0 0 0 0 0 0 0 0 0 48 0 0 0 0 0 0 0 0 0 0 0 0 0 0 0 0 0 0 0 0 0 0 0 0 0 0 0 0 0 0 0 0 0 0 0 0 0 0 0 0 0 30 0 0 0 0 0 0 26 5 16 0 0 0 0 0 0 0 0 0 0 0 0 199 0 0 0 0 0 0 0 0 11 0 0 0 0 0 0 24 0 0 0 0 0 1 0 0 0 48 50 193 0 0 7 0 0 0 0 0 0 0 0 0 0 0 0 0 0 0 0 0 0 108 0 0 0 0 0 0 0 0 0 165 12 0 0 0 0 0 8 0 0 48 0 0 0 0 0 0 0 0 0 1 0 0 0 0 0 0 0 0 0 0 0 0 0 0 0 0 0 0 0 0 0 0 0 0 0 0 0 0 0 0 0 0 0 0 0 0 0 0 0 0 0 0 0 0 0 0 0 0 0 0 0 1 0 0 0 0 0 0 0 12 0 0 48 0 0 0 0 0 0 0 0 0 0 0 0 0 0 0 0 0 0 0 0 0 0 0 0 0 0 0 0 0 0 0 0 0 0 0 0 0 0 0 0 0 0 0 0 0 0 0 0 0 0 0 0 0 0 0 0 0 0 0 0 0 0 0 0 0 0 0 0 0 570 57 0 0 0 0 0 0 0 0 0 0 0 0 0 0 0 0 0 114 0 0 0 0 0 0 359 216 3 0 0 0 0 0 0 0 40 0 4 54 43 0 0 0 0 0 0 0 52 0 0 0 0 43 0 0 0 0 0 0 0 0 0 0 0 0 0 0 0 0 3 0 0 0 0 49 0 0 0 0 0 0 0 0 0 0 0 0 0 0 0 0 0 0 0 0 0 0 0 0 0 0 0 0 0 0 0 2 0 0 0 0 0 0 0 0 0 0 4 0 0 0 0 0 0 0 0 54 0 13 0 0 0 0 0 0 3 0 0 0 0 0 0 8 0 0 0 0 0 0 0 2 0 0 204 0 32 0 0 14 0 0 0 0 0 0 0 0 0 0 0 0 0 0 0 0 0 0 0 0 0 0 0 0 0 0 0 0 0 0 0 0 0 0 0 0 0 0 0 0 0 0 0 0 0 100 0 2 0 0 0 0 0 0 0 0 0 0 0 0 0 0 0 0 0 0 0 0 0 0 0 0 0 0 0 0 0 0 0 0 0 0 0 0 0 0 0 0 0 0 0 0 0 0 0 0 0 0 0 0 0 0 0 0 0 0 0 0 0 0 0 0 0 0 0 0 0 0 0 0 3 0 37 0 0 0 0 0 0 0 0 0 1 0 0 0 0 0 0 0 2 0 49 0 0 0 0 0 0 0 0 0 0 0 0 0 4 0 0 0 0 0 0 19 0 0 0 0 0 0 0 0 0 0 0 4 0 0 0 0 0 0 0 0 0 0 0 0 0 0 0 0 3 0 0 0 0 96 0 0 0 0 0 0 0 1 0 0 2 0 0 0 0 0 0 0 0 0 0 0 9 0 0 0 16 1 2 0 0 0 0 0 0 0 0 0 0 40 0 70 62 0 181 0 0 0 0 0 0 0 0 0 0 0 147 0 0 0 0 0 0 0 0 0 0 0 0 0 0 0 0 0 0 0 0 0 0 0 0 0 0 0 0 0 0 0 0 450 0 10 0 0 0 0 0 0 0 3 0 0 0 0 0 0 1 0 0 0 0 0 0 3 0 0 0 2 0 3 0 174 0 0 
Printing Sanity2
Heartbeat CPU 0 instructions: 60000001 cycles: 44329304 heartbeat IPC: 0.329985 cumulative IPC: 0.329985 (Simulation time: 0 hr 4 min 11 sec) 
*** Reached end of trace for Core: 0 Repeating trace: traces/spec2k17/srv_70.champsimtrace.xz
Heartbeat CPU 0 instructions: 70000001 cycles: 74078539 heartbeat IPC: 0.336143 cumulative IPC: 0.333035 (Simulation time: 0 hr 5 min 12 sec) 
Heartbeat CPU 0 instructions: 80000001 cycles: 104252058 heartbeat IPC: 0.331416 cumulative IPC: 0.332494 (Simulation time: 0 hr 6 min 17 sec) 
Heartbeat CPU 0 instructions: 90000003 cycles: 133998375 heartbeat IPC: 0.336176 cumulative IPC: 0.333407 (Simulation time: 0 hr 7 min 22 sec) 
*** Reached end of trace for Core: 0 Repeating trace: traces/spec2k17/srv_70.champsimtrace.xz
Heartbeat CPU 0 instructions: 100000002 cycles: 163798558 heartbeat IPC: 0.335568 cumulative IPC: 0.333837 (Simulation time: 0 hr 8 min 28 sec) 
Heartbeat CPU 0 instructions: 110000000 cycles: 193811695 heartbeat IPC: 0.333187 cumulative IPC: 0.333729 (Simulation time: 0 hr 9 min 34 sec) 
Heartbeat CPU 0 instructions: 120000000 cycles: 223596337 heartbeat IPC: 0.335743 cumulative IPC: 0.334015 (Simulation time: 0 hr 10 min 39 sec) 
*** Reached end of trace for Core: 0 Repeating trace: traces/spec2k17/srv_70.champsimtrace.xz
Heartbeat CPU 0 instructions: 130000000 cycles: 253488203 heartbeat IPC: 0.334539 cumulative IPC: 0.33408 (Simulation time: 0 hr 11 min 44 sec) 
Heartbeat CPU 0 instructions: 140000002 cycles: 283443771 heartbeat IPC: 0.333828 cumulative IPC: 0.334052 (Simulation time: 0 hr 12 min 51 sec) 
Heartbeat CPU 0 instructions: 150000003 cycles: 313370457 heartbeat IPC: 0.33415 cumulative IPC: 0.334062 (Simulation time: 0 hr 13 min 55 sec) 
*** Reached end of trace for Core: 0 Repeating trace: traces/spec2k17/srv_70.champsimtrace.xz
Heartbeat CPU 0 instructions: 160000000 cycles: 343421159 heartbeat IPC: 0.332771 cumulative IPC: 0.333944 (Simulation time: 0 hr 14 min 58 sec) 
Heartbeat CPU 0 instructions: 170000001 cycles: 372986605 heartbeat IPC: 0.338233 cumulative IPC: 0.334297 (Simulation time: 0 hr 16 min 1 sec) 
Heartbeat CPU 0 instructions: 180000001 cycles: 403103154 heartbeat IPC: 0.332043 cumulative IPC: 0.334123 (Simulation time: 0 hr 17 min 8 sec) 
*** Reached end of trace for Core: 0 Repeating trace: traces/spec2k17/srv_70.champsimtrace.xz
Heartbeat CPU 0 instructions: 190000003 cycles: 432974089 heartbeat IPC: 0.334774 cumulative IPC: 0.334169 (Simulation time: 0 hr 18 min 12 sec) 
Heartbeat CPU 0 instructions: 200000002 cycles: 462675334 heartbeat IPC: 0.336686 cumulative IPC: 0.334336 (Simulation time: 0 hr 19 min 16 sec) 
Heartbeat CPU 0 instructions: 210000000 cycles: 492700861 heartbeat IPC: 0.33305 cumulative IPC: 0.334255 (Simulation time: 0 hr 20 min 21 sec) 
*** Reached end of trace for Core: 0 Repeating trace: traces/spec2k17/srv_70.champsimtrace.xz
Heartbeat CPU 0 instructions: 220000000 cycles: 522587515 heartbeat IPC: 0.334597 cumulative IPC: 0.334275 (Simulation time: 0 hr 21 min 25 sec) 
Heartbeat CPU 0 instructions: 230000001 cycles: 552073885 heartbeat IPC: 0.33914 cumulative IPC: 0.334542 (Simulation time: 0 hr 22 min 12 sec) 
Heartbeat CPU 0 instructions: 240000001 cycles: 582141680 heartbeat IPC: 0.332582 cumulative IPC: 0.334438 (Simulation time: 0 hr 22 min 59 sec) 
*** Reached end of trace for Core: 0 Repeating trace: traces/spec2k17/srv_70.champsimtrace.xz
Heartbeat CPU 0 instructions: 250000001 cycles: 612008422 heartbeat IPC: 0.334821 cumulative IPC: 0.334457 (Simulation time: 0 hr 23 min 49 sec) 
Finished CPU 0 instructions: 200000000 cycles: 597983548 cumulative IPC: 0.334457 (Simulation time: 0 hr 23 min 49 sec) 

ChampSim completed all CPUs

Region of Interest Statistics

CPU 0 cumulative IPC: 0.334457 instructions: 200000000 cycles: 597983548
ITLB TOTAL     ACCESS:   34462243  HIT:   32606354  MISS:    1855889  HIT %:    94.6147  MISS %:    5.38528   MPKI: 9.27945
ITLB LOAD TRANSLATION ACCESS:   34462243  HIT:   32606354  MISS:    1855889  HIT %:    94.6147  MISS %:    5.38528   MPKI: 9.27945
ITLB PREFETCH  REQUESTED:          0  ISSUED:          0  USEFUL:          0  USELESS:          0
ITLB USEFUL LOAD PREFETCHES:          0 PREFETCH ISSUED TO LOWER LEVEL:          0  ACCURACY: -nan
ITLB TIMELY PREFETCHES:          0 LATE PREFETCHES: 0 DROPPED PREFETCHES: 0
ITLB PREFETCHES SAME FILL-ORIGIN LEVEL: 0 DIFFERENT FILL-ORIGIN LEVEL: 0
ITLB AVERAGE MISS LATENCY: 9.03618 cycles
ITLB RQ	ACCESS:   40289678	FORWARD:          0	MERGED:    5379471	TO_CACHE:   34910207

DTLB TOTAL     ACCESS:   45333779  HIT:   43539071  MISS:    1794708  HIT %:    96.0411  MISS %:    3.95888   MPKI: 8.97354
DTLB LOAD TRANSLATION ACCESS:   45333779  HIT:   43539071  MISS:    1794708  HIT %:    96.0411  MISS %:    3.95888   MPKI: 8.97354
DTLB PREFETCH  REQUESTED:          0  ISSUED:          0  USEFUL:          0  USELESS:          0
DTLB USEFUL LOAD PREFETCHES:          0 PREFETCH ISSUED TO LOWER LEVEL:          0  ACCURACY: -nan
DTLB TIMELY PREFETCHES:          0 LATE PREFETCHES: 0 DROPPED PREFETCHES: 0
DTLB PREFETCHES SAME FILL-ORIGIN LEVEL: 0 DIFFERENT FILL-ORIGIN LEVEL: 0
DTLB AVERAGE MISS LATENCY: 9.20603 cycles
DTLB RQ	ACCESS:   59838747	FORWARD:          0	MERGED:   14441350	TO_CACHE:   45397397

STLB TOTAL     ACCESS:    4162634  HIT:    4152798  MISS:       9836  HIT %:    99.7637  MISS %:   0.236293   MPKI: 0.04918
STLB LOAD TRANSLATION ACCESS:    3650597  HIT:    3640761  MISS:       9836  HIT %:    99.7306  MISS %:   0.269435   MPKI: 0.04918
STLB TRANSLATION FROM L1D PREFETCHER ACCESS:     512037  HIT:     512037  MISS:          0  HIT %:        100  MISS %:          0   MPKI: 0
STLB PREFETCH  REQUESTED:          0  ISSUED:          0  USEFUL:          0  USELESS:          0
STLB USEFUL LOAD PREFETCHES:          0 PREFETCH ISSUED TO LOWER LEVEL:          0  ACCURACY: -nan
STLB TIMELY PREFETCHES:          0 LATE PREFETCHES: 0 DROPPED PREFETCHES: 51841
STLB PREFETCHES SAME FILL-ORIGIN LEVEL: 0 DIFFERENT FILL-ORIGIN LEVEL: 0
STLB AVERAGE MISS LATENCY: 41.9 cycles
STLB RQ	ACCESS:    4268274	FORWARD:          0	MERGED:      49027	TO_CACHE:    4219247

STLB Hit, L1D data hit: 0
STLB Hit, L2C data hit: 0
STLB Hit, LLC data hit: 0
STLB Hit, LLC data miss: 0
STLB STLB hints to L2: 0
L1D TOTAL     ACCESS:   58627768  HIT:   54727032  MISS:    3900736  HIT %:    93.3466  MISS %:    6.65339   MPKI: 19.5037
L1D LOAD      ACCESS:   33581775  HIT:   30795922  MISS:    2785853  HIT %:    91.7043  MISS %:    8.29573   MPKI: 13.9293
L1D RFO       ACCESS:   24485346  HIT:   23418032  MISS:    1067314  HIT %:     95.641  MISS %:    4.35899   MPKI: 5.33657
L1D PREFETCH  ACCESS:     560647  HIT:     513078  MISS:      47569  HIT %:    91.5153  MISS %:    8.48466   MPKI: 0.237845
AGUS PREFETCH L1 MISS: 0
L1D PREFETCH  REQUESTED:    1257686  ISSUED:    1257686  USEFUL:      12224  USELESS:      35339
L1D USEFUL LOAD PREFETCHES:      12224 PREFETCH ISSUED TO LOWER LEVEL:      47583  ACCURACY: 25.6898
L1D TIMELY PREFETCHES:      12224 LATE PREFETCHES: 0 DROPPED PREFETCHES: 56700
L1D PREFETCHES SAME FILL-ORIGIN LEVEL: 47583 DIFFERENT FILL-ORIGIN LEVEL: 0
L1D AVERAGE MISS LATENCY: 1256 cycles
L1D RQ	ACCESS:   46889625	FORWARD:          0	MERGED:   12891005	TO_CACHE:   33704058
L1D WQ	ACCESS:   26309150	FORWARD:     294562	MERGED:     174461	TO_CACHE:   26134689
L1D PQ	ACCESS:     640009	FORWARD:          0	MERGED:      22332	TO_CACHE:     617677

L1D UNIQUE REGIONS ACCESSED: 0
L1D REGIONS CONFLICTS: 0
L1D Cross Page Prefetch Requests: 86703
L1D Same Page Prefetch Requests: 553306
L1D ROI Sum of L1D PQ occupancy: 9159507
L1D PREFETCHES PUSHED FROM L2C: 0
L1I TOTAL     ACCESS:   38867821  HIT:   29157562  MISS:    9710259  HIT %:    75.0172  MISS %:    24.9828   MPKI: 48.5513
L1I LOAD      ACCESS:   38867821  HIT:   29157562  MISS:    9710259  HIT %:    75.0172  MISS %:    24.9828   MPKI: 48.5513
L1I PREFETCH  REQUESTED:          0  ISSUED:          0  USEFUL:          0  USELESS:          0
L1I USEFUL LOAD PREFETCHES:          0 PREFETCH ISSUED TO LOWER LEVEL:          0  ACCURACY: -nan
L1I TIMELY PREFETCHES:          0 LATE PREFETCHES: 0 DROPPED PREFETCHES: 0
L1I PREFETCHES SAME FILL-ORIGIN LEVEL: 0 DIFFERENT FILL-ORIGIN LEVEL: 0
L1I AVERAGE MISS LATENCY: 16.5822 cycles
L1I RQ	ACCESS:   57816393	FORWARD:          0	MERGED:   17526715	TO_CACHE:   40289678

BTB TOTAL     ACCESS:   30330112  HIT:   18855293  MISS:   11474819  HIT %:    62.1669  MISS %:    37.8331   MPKI: 57.3741
BTB BRANCH_DIRECT_JUMP	ACCESS:    2183492  HIT:    1381264  MISS:     802228
BTB BRANCH_INDIRECT	ACCESS:   11409987  HIT:    7107186  MISS:    4302801
BTB BRANCH_CONDITIONAL	ACCESS:    8659441  HIT:    7498829  MISS:    1160612
BTB BRANCH_DIRECT_CALL	ACCESS:    3412328  HIT:    1528915  MISS:    1883413
BTB BRANCH_INDIRECT_CALL	ACCESS:     626274  HIT:     246325  MISS:     379949
BTB BRANCH_RETURN	ACCESS:    4038590  HIT:    1092774  MISS:    2945816
BTB BRANCH_OTHER ACCESS:          0  HIT:          0  MISS:          0

L2C TOTAL     ACCESS:   15489894  HIT:   14059724  MISS:    1430170  HIT %:    90.7671  MISS %:    9.23292   MPKI: 7.15085
L2C LOAD      ACCESS:   12496092  HIT:   11328331  MISS:    1167761  HIT %:     90.655  MISS %:    9.34501   MPKI: 5.8388
L2C DATA LOAD MPKI: 1.79242
L2C INSTRUCTION LOAD MPKI: 4.04638
L2C RFO       ACCESS:    1067300  HIT:     868550  MISS:     198750  HIT %:    81.3782  MISS %:    18.6218   MPKI: 0.99375
L2C PREFETCH  ACCESS:      47583  HIT:      38451  MISS:       9132  HIT %:    80.8083  MISS %:    19.1917   MPKI: 0.04566
AGUS PREFETCH L1 MISS: 0
L2C DATA PREFETCH MPKI: 0.04566
L2C INSTRUCTION PREFETCH MPKI: 0
L2C WRITEBACK ACCESS:    1814608  HIT:    1766934  MISS:      47674  HIT %:    97.3728  MISS %:    2.62723   MPKI: 0.23837
L2C LOAD TRANSLATION ACCESS:      10820  HIT:       3997  MISS:       6823  HIT %:    36.9409  MISS %:    63.0591   MPKI: 0.034115
L2C TRANSLATION FROM L1D PREFETCHER ACCESS:      53491  HIT:      53461  MISS:         30  HIT %:    99.9439  MISS %:  0.0560842   MPKI: 0.00015
L2C PREFETCH  REQUESTED:          0  ISSUED:          0  USEFUL:        108  USELESS:       9030
L2C USEFUL LOAD PREFETCHES:        108 PREFETCH ISSUED TO LOWER LEVEL:       9132  ACCURACY: 1.18265
L2C TIMELY PREFETCHES:        108 LATE PREFETCHES: 0 DROPPED PREFETCHES: 0
L2C PREFETCHES SAME FILL-ORIGIN LEVEL: 0 DIFFERENT FILL-ORIGIN LEVEL: 0
L2C AVERAGE MISS LATENCY: 30.7534 cycles
L2C RQ	ACCESS:   13627721	FORWARD:          0	MERGED:          0	TO_CACHE:   13627702
L2C WQ	ACCESS:    1814608	FORWARD:         19	MERGED:          0	TO_CACHE:    1814608
L2C PQ	ACCESS:      47583	FORWARD:          0	MERGED:          0	TO_CACHE:      47583

L2C Instructions Evicting Data 300777
L2C Translations Evicting Data 4587
L2C Data Evicting Data 287141
L2C Instructions Evicting Instructions 506635
L2C Translations Evicting Instructions 1964
L2C Data Evicting Instructions 274615
L2C Instructions Evicting Translations 1864
L2C Translations Evicting Translations 302
L2C Data Evicting Translations 4611
L2C Dense regions hint from L2: 0
PSCL5 TOTAL     ACCESS:      61677  HIT:      61677  MISS:          0  HIT %:        100  MISS %:          0   MPKI: 0
PSCL5 LOAD TRANSLATION ACCESS:       9836  HIT:       9836  MISS:          0  HIT %:        100  MISS %:          0   MPKI: 0
PSCL5 TRANSLATION FROM L1D PREFETCHER ACCESS:      51841  HIT:      51841  MISS:          0  HIT %:        100  MISS %:          0   MPKI: 0
PSCL5 PREFETCH  REQUESTED:          0  ISSUED:          0  USEFUL:          0  USELESS:          0
PSCL5 USEFUL LOAD PREFETCHES:          0 PREFETCH ISSUED TO LOWER LEVEL:          0  ACCURACY: -nan
PSCL5 TIMELY PREFETCHES:          0 LATE PREFETCHES: 0 DROPPED PREFETCHES: 0
PSCL5 PREFETCHES SAME FILL-ORIGIN LEVEL: 0 DIFFERENT FILL-ORIGIN LEVEL: 0

PSCL4 TOTAL     ACCESS:      61473  HIT:      61443  MISS:         30  HIT %:    99.9512  MISS %:  0.0488019   MPKI: 0.00015
PSCL4 LOAD TRANSLATION ACCESS:       9782  HIT:       9752  MISS:         30  HIT %:    99.6933  MISS %:   0.306686   MPKI: 0.00015
PSCL4 TRANSLATION FROM L1D PREFETCHER ACCESS:      51691  HIT:      51691  MISS:          0  HIT %:        100  MISS %:          0   MPKI: 0
PSCL4 PREFETCH  REQUESTED:          0  ISSUED:          0  USEFUL:          0  USELESS:          0
PSCL4 USEFUL LOAD PREFETCHES:          0 PREFETCH ISSUED TO LOWER LEVEL:          0  ACCURACY: -nan
PSCL4 TIMELY PREFETCHES:          0 LATE PREFETCHES: 0 DROPPED PREFETCHES: 0
PSCL4 PREFETCHES SAME FILL-ORIGIN LEVEL: 0 DIFFERENT FILL-ORIGIN LEVEL: 0

PSCL3 TOTAL     ACCESS:      61509  HIT:      61479  MISS:         30  HIT %:    99.9512  MISS %:  0.0487734   MPKI: 0.00015
PSCL3 LOAD TRANSLATION ACCESS:       9818  HIT:       9788  MISS:         30  HIT %:    99.6944  MISS %:   0.305561   MPKI: 0.00015
PSCL3 TRANSLATION FROM L1D PREFETCHER ACCESS:      51691  HIT:      51691  MISS:          0  HIT %:        100  MISS %:          0   MPKI: 0
PSCL3 PREFETCH  REQUESTED:          0  ISSUED:          0  USEFUL:          0  USELESS:          0
PSCL3 USEFUL LOAD PREFETCHES:          0 PREFETCH ISSUED TO LOWER LEVEL:          0  ACCURACY: -nan
PSCL3 TIMELY PREFETCHES:          0 LATE PREFETCHES: 0 DROPPED PREFETCHES: 0
PSCL3 PREFETCHES SAME FILL-ORIGIN LEVEL: 0 DIFFERENT FILL-ORIGIN LEVEL: 0

PSCL2 TOTAL     ACCESS:      60027  HIT:      59103  MISS:        924  HIT %:    98.4607  MISS %:    1.53931   MPKI: 0.00462
PSCL2 LOAD TRANSLATION ACCESS:       9836  HIT:       8912  MISS:        924  HIT %:    90.6059  MISS %:    9.39406   MPKI: 0.00462
PSCL2 TRANSLATION FROM L1D PREFETCHER ACCESS:      50191  HIT:      50191  MISS:          0  HIT %:        100  MISS %:          0   MPKI: 0
PSCL2 PREFETCH  REQUESTED:          0  ISSUED:          0  USEFUL:          0  USELESS:          0
PSCL2 USEFUL LOAD PREFETCHES:          0 PREFETCH ISSUED TO LOWER LEVEL:          0  ACCURACY: -nan
PSCL2 TIMELY PREFETCHES:          0 LATE PREFETCHES: 0 DROPPED PREFETCHES: 0
PSCL2 PREFETCHES SAME FILL-ORIGIN LEVEL: 0 DIFFERENT FILL-ORIGIN LEVEL: 0

LLC TOTAL     ACCESS:    1647505  HIT:    1630008  MISS:      17497  HIT %:     98.938  MISS %:    1.06203   MPKI: 0.087485
LLC LOAD      ACCESS:    1167757  HIT:    1157695  MISS:      10062  HIT %:    99.1383  MISS %:   0.861652   MPKI: 0.05031
LLC RFO       ACCESS:     198750  HIT:     191445  MISS:       7305  HIT %:    96.3245  MISS %:    3.67547   MPKI: 0.036525
LLC PREFETCH  ACCESS:       9132  HIT:       9101  MISS:         31  HIT %:    99.6605  MISS %:   0.339466   MPKI: 0.000155
AGUS PREFETCH L1 MISS: 0
LLC WRITEBACK ACCESS:     265013  HIT:     264968  MISS:         45  HIT %:     99.983  MISS %:  0.0169803   MPKI: 0.000225
LLC LOAD TRANSLATION ACCESS:       6823  HIT:       6770  MISS:         53  HIT %:    99.2232  MISS %:   0.776784   MPKI: 0.000265
LLC TRANSLATION FROM L1D PREFETCHER ACCESS:         30  HIT:         29  MISS:          1  HIT %:    96.6667  MISS %:    3.33333   MPKI: 5e-06
LLC PREFETCH  REQUESTED:          0  ISSUED:          0  USEFUL:          1  USELESS:          2
LLC USEFUL LOAD PREFETCHES:          1 PREFETCH ISSUED TO LOWER LEVEL:         31  ACCURACY: 3.22581
LLC TIMELY PREFETCHES:          1 LATE PREFETCHES: 0 DROPPED PREFETCHES: 0
LLC PREFETCHES SAME FILL-ORIGIN LEVEL: 0 DIFFERENT FILL-ORIGIN LEVEL: 0
LLC AVERAGE MISS LATENCY: 143.317 cycles
LLC RQ	ACCESS:    1373364	FORWARD:          0	MERGED:          0	TO_CACHE:    1373360
LLC WQ	ACCESS:     265013	FORWARD:          4	MERGED:          0	TO_CACHE:     265013
LLC PQ	ACCESS:       9132	FORWARD:          0	MERGED:          0	TO_CACHE:       9132

LLC Dense regions hint to LLC: 0

RAW hits: 1399173
Loads Generated: 48288798
Loads sent to L1D: 46889625
Stores Generated: 26309148
Stores sent to L1D: 26309150
Major fault: 0 Minor fault: 1865
Allocated PAGES: 1865
ucb ended
-----------------------------------------------------------------------------------------------------------------------------------------------------------------------------------------------------
Offsets elements: 2448 2200619192347 1 10310879 -10310879 -2200629505670 2200618900341 10605329 -10605340 10 -2200619014740 2200619014732 55004 -3 10550337 -10605338 -1 55002 -55002 -55001 52 294404 -294455 -4 294483 -294454 -2200618897864 -446 -2 2200619192742 10309195 -10603631 250561 43875 -294457 3 55001 10550334 -10550337 4 55000 -2200619069730 2200619069731 2 2200619069729 -55000 54999 239455 -239456 55003 -54976 -30 30 10605275 -2200629505655 2200618900351 239456 10310657 -10605113 294455 45083 10560222 -10560222 31 -33 -10560220 -2200619059813 2200619059813 -2200619059811 2200619059811 -10560223 9920 -9920 9918 -9923 -970889 11531113 -10560226 10560256 249374 -249372 249373 -249375 10560223 10560225 10560221 -10310848 -10310845 -294448 -15 10605306 -2200629620034 2200629620035 -294461 10605307 -10560224 10560224 -10560225 -10310880 10310845 249375 10310848 -249374 -294404 294406 -294407 -52 294458 -294405 54950 -54950 54952 -10605287 -54946 54948 -54949 54951 -54952 10310882 -10310881 -2200618900349 2200629505670 10605341 -10605278 10605277 10605328 -10605328 -13 65 10603541 -10603554 294410 -294417 -2200618857590 2200618857633 9 -16 36 294630 -294667 10605288 -10310587 10310624 -10310622 294669 -22480 -272192 294672 10603296 -2200629472974 2200619164350 -294672 -22481 -211012 233490 -233492 -22465 -20 -35864 -72465884996 72465920880 -101880 101869 -10 -101860 101858 -101859 101868 -92509 -2200619055782 2200619055782 -174845 231494 -66009 101860 20 -5 -192495 192495 -101877 101877 -192494 192499 -192499 22461 -22457 -101876 101880 -2200619139124 2200619139129 -101882 101875 -17 -72465884995 72465920862 101859 -101856 -2200619046381 2200619148240 22478 -22464 -101873 -90596 90595 101874 -90620 -11 -2200619172805 2200619172805 6 124338 -22461 -101878 101878 5 -101883 101881 -18 14 4871 -2200619175018 2200619192604 -2200619192605 2200619170145 2200619172817 -6 -7 -12 -2200619172793 2200619177678 -2200619177678 2200619172803 22460 -22454 22456 -2200619171959 2200619171943 -2128153251929 2200619172811 4885 -4870 4870 -4885 17589 -17589 -4862 4863 -4867 4865 -4868 4868 17590 -17590 17587 -22456 22458 -4889 4892 -2200619153130 4888 17584 -17583 -8992 8993 -3744300527 3739760269 14868639 -10310799 -17584 -2200619177111 2200614636860 -3739760273 3739760273 14868626 -14868626 -10310796 -22451 -21 17 -2200619172810 2200619172810 22454 22459 -2200619194459 -810 22453 -22453 -92502 -2200619162658 2200619277633 -22450 7 22455 -22452 -2200619171958 2200619194421 -22462 2200619171965 -2200619194418 2200619194417 12 22464 -22458 22452 -22460 2200619171959 22462 -23 -35854 -2200619136089 2200619171967 -2200619195264 2200619172812 -2200619172000 2200619171985 22469 -22472 8 -8 -12847179 12869659 -2200619162657 2200619255172 2200619194423 -22463 -2200619172607 2200629501191 -10328584 10306122 -10306122 10328584 2506 -10308629 -2200619195068 2200629505689 -2200629505689 2200629504263 -3072 3072 -10309194 10331656 -2200629504460 2200629504460 -10331656 10309194 -10309195 10309193 -10309193 211009 22480 16 22463 -124342 124346 -214964 214964 -9 -22467 -2200619172816 2200619195272 124343 -22466 -22482 272193 -2200619148238 2200619148243 -10308623 -2200619164351 2200619164351 -12869667 12694936 174729 -294679 38 10603251 -10308615 -294682 294682 294687 -288223780701801545 -79 -1465993202004 1465993202004 -1465992089193 -1112817 -200526 1465993402652 2587520 -1465995990061 21454 48953 -54698 1276122 -1291947 1465993402530 2587642 -2587643 -1294869 182046 -200238 1465995935524 -2533199 -78 288223780712110508 -10603571 -2200619017351 2200619017351 23 112041 -112041 -51234 -384123 443241 174728 -174729 174726 -12869668 12694937 -2200619102721 2200606407784 12847178 2200619148241 -272193 272192 22481 294673 10308623 2200619164352 -22484 21 124347 214963 22467 -124344 101861 -101862 -170332 170334 101862 -2200619148237 22479 -124339 124340 -90595 214934 -124340 -22483 -294674 -2200619148241 12869667 -174730 -119948 294686 -288223780701801624 79 -1465993202005 1465993202028 -1465993402553 1465993402546 2587626 -2587641 -1465992134000 1465992134022 -1465992110606 -1291912 17938 1250558 17939 -17974 1465993402548 2587624 -2587625 -1465993402546 1270611 -1270614 1465993402549 2587623 -2587624 -1465992134019 -1279080 1279081 -1268528 1465992131934 -1465993402549 20623 1465995969549 -2587520 -1465993402541 21470 48939 -70409 29872 -8414 48954 -70523 1465993402550 2587622 -2587623 2587621 -2587621 -1465993402550 -1465993384110 140330 1465993243780 -1465993402554 1465993402631 2587541 -1465995834911 -155261 1465993402551 -1465993200024 -202526 1465995990172 -1465995990172 156888 1465995833284 -1465995833281 -167785 10894 -1465993402631 1465993402547 2587625 -1465993247287 1465995834911 1465995990061 -1465995968607 -54700 1319724 -1335549 -1465993402548 -1465995989929 1465995978542 -1465995962523 1465995962523 11387 -2587627 -1465993386283 138862 -155124 70409 -48954 -21566 15825 1465995974347 -1465995919643 -48958 1280823 1465992100151 -1465992066996 -1180425 1335549 -1179240 1465995833863 -1465995833863 1465993246236 -1465993247421 1186 1179239 -1179239 1465993246235 -1465993402545 -1465994687773 1465992100144 -1465993402543 -2587630 -1465993402542 -48955 -21565 1465993386717 -1465993332017 1465995968602 -1465995792130 1104360 -1302148 -182419 1465993584708 2529261 -1465996113968 1484559 1465992100150 -1465992100150 1465992100149 -1465993247419 1180425 -1179238 -156311 -2587628 -1465993402544 1465993402544 2587628 -1465993247420 -1179237 -1188 -1179236 -1189 -1179235 -1190 -1179234 -1191 -1465992066995 -1335312 1335312 1465992066995 -1465992066994 -1465993200020 -45636 -1694 -165682 11204 1334834 -2932032720590 2932031540234 -718 -1465995989886 1465995931508 58386 -58033 53072 -2582666 -185318 1316507 1465992068833 -1465992066998 1465992066998 -1465992066999 -1133023 -45638 -167782 167785 883967 -1051697 1051697 -859920 -191675 191675 -180938 -1465993386721 54698 -48953 -1465995833362 -138655 -17912 -1465995958714 1465993382473 -1465993382475 1465993382475 -1465993247352 -2932031540232 2932031385756 -10486 1465996000658 -58386 53424 -1465995984924 53417 -2582665 2587627 -2529593 -1465992066997 1465992066997 -1465993402547 -1465993245660 1465993245661 -1465993247354 -166549 168242 45638 1465993200023 -1465993200023 1465993200022 -1465992144008 -1098504 -163525 1465993406036 -1465994698225 1465992110606 -55 -1465993402498 1291947 1465994698225 -2587684 55 -1291698 1291698 1465992110540 -1465992066940 -1133022 -202496 17035 1316650 -1131189 -186359 1317547 -1176906 1139744 -1301819 5267 1296552 1465994693620 -1465995792210 -197962 1465993402488 2587684 -2587687 -1465993402489 156808 1465995833364 -1465994693620 -1139744 -156808 -1465995833364 1465993245669 -1465993402477 -2587696 -2587693 -1465992066928 69644 -1416478 1416478 -1388486 -27993 1416479 1465991997273 56 1465992110550 1465992110542 -1465993402259 1291710 1465993402531 2587641 -1465995989934 1291709 1465992110583 -42 -2587683 -1465993402249 1465993402292 -19 19 -1465993402289 1465993402270 2576389 -2576390 -1465993402253 -181684 1465993583935 11 -1465993402254 1465993402272 -1465993583958 -1465993385429 1318489 -1318673 1318673 1099867 -1302394 17961 246 1465993384282 -1465993385433 180889 1465993204543 -1465993402481 17941 1465993384516 64 1465993402498 2587674 -1465993402304 -2587674 1465992110552 1291948 1465994698224 -1465992110550 -2587685 -1465993402487 -2587673 -1465993402499 -17965 -1465995919652 1465993386654 -1465993331955 -1465995833358 -1465993573053 1465993573052 -1465992110536 1465992110535 -1291699 1291699 1465992110533 -1462518 1465993573051 -1465992110533 -1291708 -183092 1474800 -1474800 1465993585333 -1465993573051 1465993573053 1465992110536 327384 1465993245670 -1465993402482 -21581 1465993402479 -1465993366475 1465995954169 -2587689 -1465993331958 -70524 21570 1465995919649 -2587692 -1465993402479 1465993402485 2587687 -1291948 1465993402487 2587685 -2587686 2587683 -1465992066939 -33155 -1099868 1465992068798 -1465993402512 -2587660 -1465993402497 16144 1465993386354 -1465993402511 27 -1465993402274 1465993402247 -1465993402483 1465993402483 2587689 -2587690 29 -27 -1465993402485 -1465993402247 1465993402248 1465993402482 2587690 -2587691 -1465993402473 1465993402472 -1465993386331 1465993386331 -1465993245675 1465993402481 2587691 -1465993247221 -1465995787645 1465993199955 -1465992105931 -1098590 1465993204521 1465993402486 2587686 -1465993402484 1465993402489 13 -1465993402500 -1465993402488 1465994654623 -1465995973296 1465993385635 -1465992100118 1465992100118 -1465992066950 -1099867 1465993199972 -1465992100104 1465992100117 1465993402459 2587713 1465993402221 -1465993402458 1465993402457 2587715 -1465995989933 1302156 1465992100064 -1465993402459 -2587714 -1465993402460 1465993402499 2587673 -1465994698224 -1291709 -238 -1465993402220 1465992110510 -1465993402456 1465993402456 2587716 -2587717 -1465993402216 1465993402219 -1465993402215 1465995978659 -2576444 -1465993402457 1465993386630 -1465993331930 -1465994687935 1465992100221 42 -2587672 -4398024787690 2932031385190 48956 -48952 1314396 1465992066485 -1465993386625 -15825 1465993402451 2587721 2932031385428 -2932031385428 4398024787642 -1465993402452 1465993402453 2587719 -2587719 -1465992100216 1465992100218 -1465992100218 1465992100259 1465992110505 -1465993402453 -1465992110505 -1291710 1465992110501 -2587722 -2587720 -1465993573021 170808 -182611 1465993584826 44 1465993402211 -1465992110501 1465992110502 -1465993402449 -1465993402451 -1465996160742 1465993573069 -1465993386626 1465993386625 -1465993331928 1465993380882 1465993402261 -1465993202590 1092039 1465992110504 -2587716 -1465992100219 1465995989934 -1465992110504 1465992110503 170570 1302241 1465994687931 -2932032687427 2932032721155 -33727 -1302238 -4398027375362 209 2932031384981 1465993402449 2587723 -2587724 -1465992100209 -2932032687428 2932032687431 1465992100210 -2587723 1465993402458 2587714 -2587715 -1302237 33724 -1335965 4398027375153 1302238 1465992100212 -1465992100211 1465994687933 -1465994687931 -2932032687431 2932032687430 1465992100213 -1465992100222 2932031385235 -45 -170066 240475 -70520 5740 1465995968607 -1465995919650 178306 -199834 1302196 -1102328 1102328 1465992100217 -1465993402410 199865 1465993202546 -1465993402455 1465993402455 2587717 -1465993202546 -199671 199671 1465993202540 -1465993202540 -1465993402450 -1465993202545 199909 1465995790263 -199909 1465993386626 -1465993331925 1465995919648 -1465994654598 -1335537 1465993402414 1465993202542 -1335574 -1465993402211 -1465993402447 1465993402447 2587725 -2587726 -1465993402208 1335337 1465992066873 -1465992066873 1465993402450 2587722 -1465992066881 -1340255 1465993407129 -1465993202575 -199876 1465993386623 1465995968603 -1465995834949 44653 1465993202575 -1465993202579 -204482 204481 1465993202577 -1465993407059 159829 44652 -4647 204482 -1465995969549 -20623 -1465993402339 1465993402541 -203 -1465995968591 -34520 163876 -199839 21532 48952 1465993331929 -1465993366362 1465995954084 -1465995968603 1465993331934 1465993386631 -1465993331933 -1465995790297 1465993202585 199875 1465995790297 -1465993202582 1465993202589 -211020 11145 1302237 1465994687935 -1465995790263 1465993202545 -1465993402454 1465993402454 2587718 -2587718 -1465993202541 1465993202541 -199670 199670 -378891 378891 -378890 179220 -239 1335574 1465994654598 -1465992066878 1340255 1465993407134 -199875 1465993407133 1306919 -2932031385190 4398027375362 -1465994687934 4398024787640 -2587721 -1465993202581 1102362 -1102361 1136089 1465992066491 1465993402460 2587712 -2587713 -1465993384260 -725 180466 -179741 -197948 1465995958714 -1465995970101 135123 -11204 10486 4961 -2529683 -1465992066961 -1335550 1465995990166 -1465996058155 1465993470495 -59 -1465993402418 16673 1465993385780 -1465991997294 1465991997294 -1416480 1416480 22 -22 1388513 -26 -1405195 -1465994584977 1388486 -1416481 1416481 -1404947 159338 1465993242863 158 -1465993243020 1465993242864 -1465993242865 1111616 25309 1465992105940 -1465992105987 47 1465992105938 -1465992105985 108732 -69229 -1335718 159337 -159585 1416526 -1388369 -16591 1465993402328 -1465993384463 1465993384307 -1465993385744 -24 -1405197 1405196 -1388488 1465995973464 -1465994584978 -11534 170872 -1465993242863 157 -1465993243021 1111615 25262 -1136888 1136977 1465992105886 -1465992105887 108633 -108722 89 -1296315 -1465992066491 1465992066492 35 -35 -1465993402205 1465993402263 -25 -1465991997293 1465993413773 1405159 -1388323 -28157 1388518 -1405226 1405198 -1388489 1465993243021 1245612 -133996 133997 -1245613 1136878 -1296215 1465993242865 1465993402452 -1465992105978 1465992105979 2587720 -1465994654206 1465992066488 -1465995989923 -1465992066901 -1416479 11285 -1465991997318 1465991997256 -1465991997254 1465991997255 -1465991997258 -1465993402446 -62 -1465991997257 1465991997259 -1465993413738 1465991997254 -1465991997253 1465991997253 -1465993572602 170150 16013 1465993386346 -1465993386346 1465993386252 -1465993386252 1254587 -1270607 -1465992131665 1465992131608 -1465992131607 -1254588 -16012 16011 -16259 57 -1335544 -1465993470438 1465996058155 -1465993384545 1465993384488 33 -1465991997262 18 1388520 -1405228 1405199 -1388490 1465993242866 -1465992131251 133998 -159338 1136925 -1296510 -1465992066486 1465992066487 32 24 161312 1465995828860 -1465993241200 -161072 161072 1465993241200 -1465993241198 1465993241198 -56 -1465993241142 1109599 -1270673 -1465992131598 1465992131598 -1270914 34 -1465992066938 1465993385611 -1465992100093 33155 1465995931853 -345 58378 -4961 -2582754 54 1465993402220 -1465993402217 1465995989933 -1465992100063 1465992100063 -1465993241174 1465993241197 -1465992100117 1302157 -1302156 1465994676391 -2576274 -1465992100061 1465992100061 -1465995832147 -158025 -1465992066907 -1317618 184595 1465993199932 -1465993245570 -156888 1465995990169 -1465995989925 155836 1465993246523 -94 -1465993402265 1465993402266 -1465993246426 1114656 -1114656 1114660 1465992131766 -1465992131766 1465992131765 -1465993402271 1465992131709 -1465993246368 -156083 1270743 -1114663 -155835 -248 -1465994654623 202527 1465995787645 -1317875 184852 1116786 -1117607 5425 -172457 172474 1465993240934 -1465992066895 -1317628 1284482 -1099877 -184597 -17929 1333716 1465994656456 1465993402444 2587728 -2587731 -1465993402440 -2587727 -1465993402463 -2587707 1102366 33308 -805 1465993246382 -1465993402465 -1465993380890 1465993380889 -1465995919649 135244 1465993245641 -1465995990133 653 -692 -1465995832152 1465993244402 -1465993402422 1465993402421 2587751 -2786 1465993247187 -1465993242412 -160008 1465993402417 2587755 -2587755 1465993402416 -1465993244396 1465993244397 -2587754 -1465993242410 1465993242415 -1465993242415 42379 1465993200030 1465993242412 -1465993402417 -1465995830163 -159762 159761 1465993242408 190 -1465993242597 -160009 1465993331893 -1465993331893 -70522 -1465993386591 -1465995790216 -39947 1112161 -1272167 160006 -159761 159760 1465993402418 2587754 -1465993200029 -42380 1068263 1465992131771 -1465993402421 1465993386592 -1465993331895 -1465995790298 1465993202547 -1465993202464 1465993202463 -1465993200033 -202387 -2587749 -1465993200036 -202149 202149 1465993200036 -1465993200034 1066054 1465992133980 -185330 1465993385363 -1465993402429 1465993386591 -1465995833396 1465993245653 -1465993245647 1465993245647 1465993202464 -1465993366329 1465993331900 -1465993202544 2932032687427 1465993202508 -1465993402179 1465993202503 -1465993202504 1465993202504 -1465993402415 2587758 -1465993202508 -382761 382761 -369222 1465993571730 -2587757 -1102365 -41855 -1465993402416 1465993402428 -1465993384298 -18076 17912 -17275 17275 138921 1465992361560 -1465993413256 1465993413262 -1465993402424 -2587753 40 -1465993202583 1102363 2932031543211 -158021 158020 1465995832152 1465993402424 2587748 1465993247188 2587750 -1465995830164 -2587751 1465993402422 -1465993244402 -1465993242417 42381 -202388 -1465993202515 -2587748 1465993402420 -1465996173024 183091 1465993571735 -1465993402423 199876 -41854 1465995832151 1465992100183 -1465993384217 -722 180463 1465993204510 48955 1465993402423 -1465993386599 54700 1465995919647 -1465995968602 176476 -197728 -318 1465993202515 1465993202513 -2587750 -1465993402184 1465993402419 -1465993202510 1465993202511 -1465993202513 -199669 -1465993402420 -1465993386594 54697 1465993380849 2587753 1465993202465 1465993202512 -1465993202512 199672 -1861 -197808 1465995978545 -1465995776398 -4338 1465995792123 -1465995787785 1465995776399 -1465995776399 1465993204373 2576363 1465993200034 39869 -32 -1465993202550 1465993202551 -1465993245652 1111663 -1111664 43098 -43098 -156776 -1465993366334 86254 1113874 1465992131779 -1465993366420 -1465995919648 1465993331904 -1465993402427 -2587747 -1465994654616 -1335556 1335557 1465992066889 1465993380881 -1465993331926 -1465993380878 -54697 -1465994583299 -71317 -156834 637 160265 -171492 171492 1465993241489 1465993386621 -1465993331923 -1465994583295 1465991995573 -1465993331919 1465995968601 -1465994584258 1465991996533 1465993331923 1465993402446 -1465993386621 1391051 1465994583296 -1465994654614 -1335558 -1465994656394 1465992068669 -1465992066890 1465992066892 -1465992066891 1465992066891 -1465992066892 1465992066893 -1465991995575 -1406876 -1465993372336 1465995960062 -1465993331922 -48956 -70526 -1465993372193 1465995959919 -1313989 1465993331927 -1465993402209 -1465995820769 1177541 1465994654615 -11386 -1465995820770 1465992066890 2576338 -2576339 2587726 -1465992066893 -1335559 1465993386624 -1465993331927 -1465994654207 157776 1465993244583 -1465993244583 1465993244426 -1465993244426 1138465 -1296488 -1465994654208 -1335964 158023 1465995832148 157777 1465993244421 -1465993244423 -1138465 -158024 1465993402448 2587724 -1465993402199 157775 1465993244427 -1137511 -209290 209290 1465993204403 -1465993413694 1346801 11244 -2587712 -1465992066909 -1135681 1102365 -1302240 -1465995787646 -45635 1178660 1465992066902 -1465993385249 1318346 -1284274 1465993384493 -1465993245572 -139214 138393 -172456 10964 -1174049 1465995828672 -41035 -172466 213493 172464 -161500 1465993402512 -1465993241019 1465995828680 -1465996001137 -161509 -1465993402464 -1465995990058 21480 1465993381058 -1465993402540 21450 1465993380898 -1465993402349 15612 1465993365043 -1465993377703 12808 -12808 -24642 21466 3177 -24643 21467 1465993380877 -1465993377701 4230 -4230 12809 56661 -69470 4231 8577 -163 1465993365057 -1465993364892 1465993364893 -1465993308232 1465993308232 -1465993402347 24644 -3162 -21469 -21562 -1465993386634 -1465992066916 -202527 -1465995792126 -198046 -11244 1465996001416 1465993386628 -1465993331931 1465993247232 -1465993204409 1465993413699 1465993204408 1465993386629 1465993380884 -1465994654700 1465992066987 -1465993247236 42823 1465993204413 -181036 1465993583257 -1465993402221 378844 1465993413703 -2587700 -1465992067000 -1335234 1465993402234 -1465992066987 -1335472 -1465993372341 1465995960059 -1465993380888 1465993331932 -1465993366454 1465995954172 -70521 -1465993402224 1465993402233 -1465992100070 1465992100070 -1465993402472 -1465995972683 1318070 71315 1416524 1635 1465991995582 -1465991995582 -1245916 1245916 -1465992066898 -1137509 -198048 4067 1465993241497 -1465993204408 209292 -1465995792123 926 -198974 38040 1908 1465993202495 -1465993203477 -42428 -167292 10746 -21567 -1465993386622 -1465995919642 134974 1177720 -1177720 1179004 -156810 156810 1465995833362 -1465994716552 -1273617 1273617 -1273373 1273373 1465992128819 167 -1465992128985 22848 -22849 -1273372 1465993402192 -1465993245631 1465993402441 2587731 1111680 -1042990 -225502 -1465995766151 427 -63231 -167198 231479 -225498 -1465995765728 -224444 1465993402437 2587735 -2587736 -1465993176938 -1086 1097 -1096 121 965 -1069 -224437 -1465995996161 1465993408430 -1465993176932 1465993176933 -1465993408430 1465993408429 1465993402440 2587732 -2587733 -1465993176930 -1088 254573 -253472 253472 -253474 -1061 1055 -25753 25756 26848 1088 -1100 110 1465993177919 -1465993178030 254563 -254578 1099 1465993176931 -1050 -224448 -1465993384233 -51 179793 -41139 -1616 -165680 -2582770 1465993402445 2587727 -2587730 -1465993245632 1465993245636 1268491 1465994721681 -1465995790211 1072149 -3618 3619 -1271860 1271859 -1272110 -1465993372453 1465995960182 1197970 -1268492 -2587728 -1465993402444 -1465992068185 -1345006 10740 199956 1465995790216 -199956 1465993402443 2587729 -1465993402441 1465993386616 -1465993331915 1465993380872 1465992066974 -1465993202495 1465993202490 -1465993202490 -199719 199718 1465993202489 -1465993402445 -1465993202489 -1465993202488 -199718 199719 1465993202485 -1465993202484 1465993202486 -2587725 -1465993402442 -1465992068177 -156546 -1465992066974 1335234 -1465992066971 1465992066972 2587730 1465992066975 -1192 1465992068147 -1465993519227 117026 -117026 1465993519228 -1465993402439 1335223 -1181 -1465992066965 1334053 -1465993402202 1465993402202 -2587732 1465993402442 1465992068152 -1465992068152 
Potential of Offsets elements: 28.2657 28.2657 882.266 28.2657 28.2657 28.2657 28.2657 28.2657 28.2657 347.266 28.2657 32.2657 28.2657 870.266 28.2657 28.2657 1560.26 28.2657 28.2657 28.2657 33.2657 28.2657 28.2657 620.266 28.2657 28.2657 28.2657 28.2657 1965.11 30.2657 28.2657 32.2657 28.2657 28.2657 28.2657 883.266 28.2657 28.2657 28.2657 926.266 28.2657 28.2657 28.2657 629.266 28.2657 28.2657 28.2657 28.2657 28.2657 28.2657 28.2657 118.266 57.2657 28.2657 28.2657 28.2657 28.2657 28.2657 28.2657 28.2657 28.2657 28.2657 28.2657 42.2657 46.2657 28.2657 28.2657 28.2657 28.2657 28.2657 28.2657 28.2657 28.2657 28.2657 28.2657 28.2657 28.2657 28.2657 28.2657 28.2657 28.2657 28.2657 28.2657 28.2657 28.2657 28.2657 28.2657 28.2657 28.2657 348.266 28.2657 28.2657 28.2657 28.2657 28.2657 28.2657 28.2657 28.2657 28.2657 28.2657 28.2657 28.2657 28.2657 28.2657 144.266 28.2657 111.266 28.2657 28.2657 28.2657 28.2657 28.2657 28.2657 28.2657 28.2657 28.2657 28.2657 28.2657 28.2657 28.2657 28.2657 28.2657 28.2657 34.2657 32.2657 50.2657 28.2657 170.266 62.2657 28.2657 28.2657 28.2657 28.2657 28.2657 28.2657 367.266 139.266 76.2657 28.2657 28.2657 28.2657 28.2657 28.2657 28.2657 28.2657 28.2657 28.2657 28.2657 28.2657 28.2657 28.2657 28.2657 28.2657 28.2657 28.2657 28.2657 28.2657 111.266 28.2657 28.2657 28.2657 28.2657 28.2657 293.266 28.2657 28.2657 28.2657 28.2657 28.2657 28.2657 28.2657 28.2657 37.2657 28.2657 28.2657 214.266 1560.27 28.2657 28.2657 28.2657 28.2657 28.2657 28.2657 28.2657 28.2657 28.2657 28.2657 28.2657 28.2657 28.2657 28.2657 28.2657 94.2657 28.2657 28.2657 28.2657 28.2657 28.2657 28.2657 28.2657 28.2657 28.2657 28.2657 28.2657 28.2657 28.2657 546.266 28.2657 28.2657 466.266 28.2657 28.2657 28.2657 28.2657 814.266 28.2657 28.2657 130.266 228.266 36.2657 28.2657 28.2657 28.2657 31.2657 28.2657 327.266 392.266 205.266 28.2657 28.2657 28.2657 28.2657 28.2657 28.2657 28.2657 28.2657 28.2657 28.2657 28.2657 28.2657 28.2657 28.2657 28.2657 28.2657 28.2657 28.2657 28.2657 28.2657 120.266 28.2657 28.2657 28.2657 28.2657 28.2657 28.2657 28.2657 28.2657 28.2657 28.2657 28.2657 28.2657 28.2657 28.2657 28.2657 28.2657 28.2657 28.2657 28.2657 28.2657 28.2657 28.2657 28.2657 28.2657 28.2657 28.2657 28.2657 28.2657 262.266 42.2657 28.2657 28.2657 28.2657 28.2657 28.2657 28.2657 28.2657 28.2657 28.2657 28.2657 28.2657 28.2657 445.266 28.2657 28.2657 28.2657 33.2657 54.2657 28.2657 28.2657 33.2657 176.266 28.2657 28.2657 28.2657 28.2657 28.2657 28.2657 85.2657 28.2657 28.2657 28.2657 28.2657 28.2657 28.2657 28.2657 28.2657 28.2657 674.266 339.266 28.2657 28.2657 28.2657 28.2657 28.2657 28.2657 28.2657 28.2657 28.2657 28.2657 28.2657 28.2657 28.2657 28.2657 28.2657 28.2657 28.2657 28.2657 28.2657 28.2657 28.2657 28.2657 28.2657 28.2657 28.2657 28.2657 28.2657 28.2657 28.2657 28.2657 28.2657 268.266 28.2657 28.2657 28.2657 28.2657 28.2657 301.266 28.2657 28.2657 28.2657 28.2657 28.2657 28.2657 28.2657 28.2657 28.2657 28.2657 28.2657 28.2657 28.2657 28.2657 28.2657 28.2657 32.2657 28.2657 28.2657 28.2657 28.2657 28.2657 40.2657 31.2657 28.2657 28.2657 28.2657 28.2657 28.2657 236.266 62.2657 356.266 32.2657 29.2657 28.2657 28.2657 28.2657 28.2657 28.2657 28.2657 28.2657 28.2657 28.2657 28.2657 28.2657 28.2657 28.2657 28.2657 28.2657 28.2657 76.2657 32.2657 28.2657 28.2657 28.2657 28.2657 28.2657 28.2657 28.2657 28.2657 28.2657 28.2657 28.2657 28.2657 28.2657 28.2657 28.2657 28.2657 98.2657 28.2657 28.2657 141.266 248.266 28.2657 28.2657 28.2657 28.2657 28.2657 28.2657 28.2657 28.2657 28.2657 28.2657 28.2657 28.2657 28.2657 28.2657 28.2657 28.2657 28.2657 28.2657 28.2657 28.2657 28.2657 28.2657 28.2657 28.2657 28.2657 28.2657 28.2657 28.2657 28.2657 28.2657 28.2657 28.2657 28.2657 28.2657 28.2657 28.2657 28.2657 28.2657 28.2657 28.2657 28.2657 28.2657 28.2657 28.2657 28.2657 28.2657 28.2657 28.2657 28.2657 28.2657 31.2657 28.2657 48.2657 160.266 28.2657 28.2657 28.2657 252.266 61.2657 34.2657 34.2657 28.2657 28.2657 28.2657 28.2657 28.2657 28.2657 28.2657 28.2657 28.2657 28.2657 28.2657 28.2657 28.2657 28.2657 28.2657 28.2657 28.2657 28.2657 139.266 28.2657 28.2657 28.2657 28.2657 94.2657 28.2657 28.2657 28.2657 79.2657 28.2657 28.2657 28.2657 28.2657 28.2657 127.266 118.266 28.2657 58.2657 244.266 28.2657 28.2657 28.2657 28.2657 28.2657 108.266 28.2657 28.2657 28.2657 28.2657 28.2657 28.2657 68.2657 278.266 62.2657 28.2657 28.2657 28.2657 28.2657 28.2657 28.2657 28.2657 28.2657 28.2657 28.2657 28.2657 28.2657 28.2657 28.2657 28.2657 28.2657 28.2657 28.2657 28.2657 28.2657 28.2657 28.2657 28.2657 333.266 28.2657 28.2657 146.266 28.2657 28.2657 28.2657 28.2657 28.2657 28.2657 28.2657 28.2657 28.2657 28.2657 28.2657 28.2657 28.2657 28.2657 75.2657 28.2657 28.2657 28.2657 28.2657 28.2657 28.2657 28.2657 28.2657 28.2657 28.2657 28.2657 28.2657 30.2657 28.2657 28.2657 28.2657 28.2657 28.2657 28.2657 28.2657 33.2657 28.2657 29.2657 28.2657 28.2657 28.2657 73.2657 28.2657 28.2657 28.2657 28.2657 29.2657 28.2657 28.2657 28.2657 28.2657 28.2657 28.2657 28.2657 28.2657 42.2657 28.2657 28.2657 28.2657 28.2657 28.2657 28.2657 28.2657 28.2657 28.2657 28.2657 34.2657 34.2657 478.266 28.2657 28.2657 28.2657 28.2657 28.2657 28.2657 28.2657 30.2657 28.2657 80.2657 28.2657 28.2657 28.2657 28.2657 29.2657 28.2657 28.2657 28.2657 28.2657 28.2657 28.2657 28.2657 28.2657 28.2657 28.2657 28.2657 28.2657 34.2657 59.2657 28.2657 28.2657 28.2657 28.2657 28.2657 28.2657 28.2657 28.2657 28.2657 28.2657 28.2657 325.266 40.2657 28.2657 28.2657 28.2657 28.2657 28.2657 28.2657 28.2657 28.2657 28.2657 28.2657 28.2657 28.2657 28.2657 28.2657 28.2657 28.2657 28.2657 28.2657 28.2657 28.2657 28.2657 28.2657 28.2657 28.2657 28.2657 28.2657 28.2657 28.2657 334.266 28.2657 76.2657 28.2657 28.2657 28.2657 30.2657 28.2657 28.2657 28.2657 28.2657 197.266 37.2657 37.2657 28.2657 28.2657 28.2657 28.2657 28.2657 28.2657 172.266 28.2657 28.2657 33.2657 28.2657 28.2657 28.2657 64.2657 80.2657 28.2657 28.2657 28.2657 28.2657 28.2657 28.2657 28.2657 351.266 28.2657 28.2657 28.2657 28.2657 45.2657 28.2657 28.2657 28.2657 28.2657 28.2657 28.2657 28.2657 28.2657 28.2657 28.2657 28.2657 28.2657 28.2657 28.2657 28.2657 28.2657 100.266 28.2657 28.2657 28.2657 28.2657 28.2657 28.2657 28.2657 28.2657 28.2657 28.2657 66.2657 28.2657 28.2657 28.2657 88.2657 28.2657 28.2657 28.2657 28.2657 28.2657 28.2657 28.2657 28.2657 28.2657 28.2657 28.2657 28.2657 28.2657 28.2657 28.2657 28.2657 28.2657 28.2657 28.2657 28.2657 154.266 28.2657 28.2657 28.2657 28.2657 28.2657 28.2657 132.266 28.2657 28.2657 28.2657 28.2657 28.2657 28.2657 28.2657 28.2657 28.2657 28.2657 28.2657 55.2657 32.2657 28.2657 28.2657 28.2657 28.2657 28.2657 28.2657 28.2657 42.2657 28.2657 28.2657 28.2657 28.2657 28.2657 28.2657 28.2657 84.2657 28.2657 28.2657 28.2657 28.2657 28.2657 77.2657 28.2657 112.266 28.2657 28.2657 28.2657 28.2657 28.2657 28.2657 82.2657 37.2657 28.2657 28.2657 28.2657 29.2657 28.2657 28.2657 28.2657 243.266 28.2657 28.2657 28.2657 28.2657 28.2657 28.2657 28.2657 88.2657 28.2657 28.2657 28.2657 28.2657 300.266 469.266 30.2657 32.2657 28.2657 28.2657 75.2657 86.2657 28.2657 28.2657 460.266 288.266 28.2657 28.2657 28.2657 28.2657 106.266 62.2657 28.2657 28.2657 28.2657 28.2657 28.2657 28.2657 28.2657 28.2657 29.2657 28.2657 28.2657 28.2657 28.2657 28.2657 28.2657 31.2657 28.2657 28.2657 28.2657 28.2657 28.2657 28.2657 28.2657 28.2657 28.2657 28.2657 28.2657 28.2657 28.2657 28.2657 772.266 433.266 128.266 400.266 37.2657 28.2657 28.2657 28.2657 28.2657 451.266 28.2657 28.2657 28.2657 28.2657 28.2657 28.2657 28.2657 28.2657 28.2657 44.2657 28.2657 28.2657 28.2657 28.2657 28.2657 28.2657 28.2657 28.2657 28.2657 28.2657 28.2657 28.2657 28.2657 28.2657 28.2657 28.2657 28.2657 28.2657 28.2657 28.2657 204.266 28.2657 28.2657 28.2657 28.2657 46.2657 28.2657 28.2657 52.2657 28.2657 28.2657 28.2657 28.2657 34.2657 28.2657 28.2657 28.2657 658.266 28.2657 28.2657 28.2657 55.2657 28.2657 200.266 28.2657 28.2657 31.2657 28.2657 28.2657 28.2657 28.2657 28.2657 607.266 39.2657 28.2657 28.2657 28.2657 28.2657 66.2657 53.2657 62.2657 371.266 28.2657 28.2657 28.2657 28.2657 28.2657 28.2657 28.2657 28.2657 28.2657 28.2657 28.2657 28.2657 28.2657 28.2657 28.2657 28.2657 28.2657 28.2657 28.2657 28.2657 28.2657 28.2657 28.2657 28.2657 28.2657 28.2657 28.2657 28.2657 28.2657 28.2657 28.2657 28.2657 28.2657 28.2657 28.2657 28.2657 28.2657 28.2657 28.2657 28.2657 28.2657 28.2657 28.2657 28.2657 28.2657 31.2657 28.2657 77.2657 28.2657 29.2657 28.2657 28.2657 28.2657 28.2657 28.2657 28.2657 28.2657 28.2657 28.2657 28.2657 80.2657 88.2657 196.266 29.2657 28.2657 228.266 33.2657 28.2657 28.2657 28.2657 56.2657 56.2657 28.2657 28.2657 28.2657 28.2657 28.2657 28.2657 28.2657 28.2657 28.2657 28.2657 28.2657 28.2657 28.2657 28.2657 28.2657 28.2657 28.2657 28.2657 28.2657 28.2657 28.2657 28.2657 28.2657 28.2657 28.2657 28.2657 28.2657 28.2657 28.2657 28.2657 196.266 648.266 28.2657 28.2657 28.2657 28.2657 28.2657 28.2657 28.2657 28.2657 28.2657 28.2657 28.2657 28.2657 28.2657 28.2657 28.2657 28.2657 28.2657 28.2657 28.2657 28.2657 28.2657 28.2657 28.2657 28.2657 28.2657 28.2657 28.2657 28.2657 28.2657 64.2657 59.2657 28.2657 28.2657 28.2657 28.2657 28.2657 28.2657 28.2657 58.2657 28.2657 28.2657 28.2657 28.2657 28.2657 29.2657 88.2657 117.266 28.2657 246.266 28.2657 28.2657 28.2657 28.2657 28.2657 28.2657 28.2657 28.2657 28.2657 28.2657 28.2657 28.2657 28.2657 28.2657 28.2657 59.2657 77.2657 28.2657 28.2657 28.2657 28.2657 28.2657 28.2657 28.2657 33.2657 28.2657 28.2657 28.2657 28.2657 28.2657 28.2657 63.2657 28.2657 160.266 28.2657 28.2657 28.2657 28.2657 28.2657 28.2657 28.2657 28.2657 28.2657 28.2657 28.2657 28.2657 28.2657 28.2657 28.2657 28.2657 28.2657 28.2657 28.2657 28.2657 92.2657 78.2657 28.2657 28.2657 137.266 28.2657 28.2657 28.2657 28.2657 28.2657 28.2657 28.2657 28.2657 28.2657 28.2657 28.2657 28.2657 28.2657 28.2657 76.2657 28.2657 28.2657 28.2657 28.2657 28.2657 28.2657 28.2657 28.2657 28.2657 28.2657 28.2657 28.2657 28.2657 28.2657 28.2657 28.2657 28.2657 28.2657 28.2657 28.2657 28.2657 28.2657 28.2657 28.2657 28.2657 28.2657 28.2657 28.2657 28.2657 28.2657 28.2657 28.2657 28.2657 28.2657 28.2657 28.2657 28.2657 28.2657 28.2657 28.2657 28.2657 58.2657 28.2657 28.2657 28.2657 28.2657 28.2657 28.2657 54.2657 33.2657 44.2657 28.2657 28.2657 28.2657 28.2657 28.2657 28.2657 28.2657 28.2657 28.2657 28.2657 28.2657 28.2657 227.266 28.2657 28.2657 28.2657 28.2657 28.2657 28.2657 28.2657 28.2657 39.2657 28.2657 28.2657 28.2657 28.2657 28.2657 28.2657 52.2657 28.2657 28.2657 28.2657 28.2657 28.2657 29.2657 28.2657 28.2657 28.2657 76.2657 78.2657 221.266 28.2657 28.2657 35.2657 28.2657 28.2657 28.2657 28.2657 28.2657 28.2657 28.2657 28.2657 28.2657 28.2657 28.2657 28.2657 28.2657 28.2657 28.2657 28.2657 28.2657 28.2657 136.266 28.2657 28.2657 28.2657 28.2657 28.2657 28.2657 28.2657 28.2657 28.2657 193.266 40.2657 28.2657 28.2657 28.2657 28.2657 28.2657 36.2657 28.2657 28.2657 76.2657 28.2657 28.2657 28.2657 28.2657 28.2657 28.2657 28.2657 28.2657 28.2657 29.2657 28.2657 28.2657 28.2657 28.2657 28.2657 28.2657 28.2657 28.2657 28.2657 28.2657 28.2657 28.2657 28.2657 28.2657 28.2657 28.2657 28.2657 28.2657 28.2657 28.2657 28.2657 28.2657 28.2657 28.2657 28.2657 28.2657 28.2657 28.2657 28.2657 28.2657 28.2657 28.2657 28.2657 28.2657 28.2657 28.2657 28.2657 28.2657 28.2657 28.2657 28.2657 28.2657 28.2657 28.2657 28.2657 28.2657 28.2657 28.2657 28.2657 28.2657 28.2657 29.2657 28.2657 28.2657 28.2657 28.2657 28.2657 28.2657 28.2657 40.2657 28.2657 28.2657 76.2657 28.2657 28.2657 28.2657 28.2657 28.2657 28.2657 28.2657 28.2657 28.2657 28.2657 28.2657 28.2657 28.2657 28.2657 28.2657 28.2657 28.2657 28.2657 28.2657 28.2657 28.2657 28.2657 28.2657 28.2657 28.2657 28.2657 28.2657 28.2657 28.2657 28.2657 28.2657 28.2657 28.2657 28.2657 28.2657 28.2657 28.2657 28.2657 28.2657 28.2657 28.2657 28.2657 28.2657 28.2657 28.2657 28.2657 28.2657 28.2657 28.2657 28.2657 28.2657 28.2657 28.2657 28.2657 28.2657 28.2657 28.2657 28.2657 28.2657 28.2657 28.2657 28.2657 28.2657 28.2657 28.2657 28.2657 28.2657 28.2657 28.2657 598.266 85.2657 28.2657 28.2657 28.2657 28.2657 28.2657 28.2657 28.2657 28.2657 28.2657 28.2657 28.2657 28.2657 28.2657 28.2657 28.2657 28.2657 28.2657 142.266 28.2657 28.2657 28.2657 28.2657 28.2657 28.2657 387.266 244.266 31.2657 28.2657 28.2657 28.2657 28.2657 28.2657 28.2657 28.2657 68.2657 28.2657 32.2657 82.2657 71.2657 28.2657 28.2657 28.2657 28.2657 28.2657 28.2657 28.2657 80.2657 28.2657 28.2657 28.2657 28.2657 71.2657 28.2657 28.2657 28.2657 28.2657 28.2657 28.2657 28.2657 28.2657 28.2657 28.2657 28.2657 28.2657 28.2657 28.2657 28.2657 28.2657 31.2657 28.2657 28.2657 28.2657 28.2657 77.2657 28.2657 28.2657 28.2657 28.2657 28.2657 28.2657 28.2657 28.2657 28.2657 28.2657 28.2657 28.2657 28.2657 28.2657 28.2657 28.2657 28.2657 28.2657 28.2657 28.2657 28.2657 28.2657 28.2657 28.2657 28.2657 28.2657 28.2657 28.2657 28.2657 28.2657 28.2657 30.2657 28.2657 28.2657 28.2657 28.2657 28.2657 28.2657 28.2657 28.2657 28.2657 28.2657 32.2657 28.2657 28.2657 28.2657 28.2657 28.2657 28.2657 28.2657 28.2657 82.2657 28.2657 41.2657 28.2657 28.2657 28.2657 28.2657 28.2657 28.2657 31.2657 28.2657 28.2657 28.2657 28.2657 28.2657 28.2657 36.2657 28.2657 28.2657 28.2657 28.2657 28.2657 28.2657 28.2657 30.2657 28.2657 28.2657 232.266 28.2657 60.2657 28.2657 28.2657 42.2657 28.2657 28.2657 28.2657 28.2657 28.2657 28.2657 28.2657 28.2657 28.2657 28.2657 28.2657 28.2657 28.2657 28.2657 28.2657 28.2657 28.2657 28.2657 28.2657 28.2657 28.2657 28.2657 28.2657 28.2657 28.2657 28.2657 28.2657 28.2657 28.2657 28.2657 28.2657 28.2657 28.2657 28.2657 28.2657 28.2657 28.2657 28.2657 28.2657 28.2657 28.2657 28.2657 28.2657 28.2657 28.2657 128.266 28.2657 30.2657 28.2657 28.2657 28.2657 28.2657 28.2657 28.2657 28.2657 28.2657 28.2657 28.2657 28.2657 28.2657 28.2657 28.2657 28.2657 28.2657 28.2657 28.2657 28.2657 28.2657 28.2657 28.2657 28.2657 28.2657 28.2657 28.2657 28.2657 28.2657 28.2657 28.2657 28.2657 28.2657 28.2657 28.2657 28.2657 28.2657 28.2657 28.2657 28.2657 28.2657 28.2657 28.2657 28.2657 28.2657 28.2657 28.2657 28.2657 28.2657 28.2657 28.2657 28.2657 28.2657 28.2657 28.2657 28.2657 28.2657 28.2657 28.2657 28.2657 28.2657 28.2657 28.2657 28.2657 28.2657 28.2657 28.2657 28.2657 28.2657 28.2657 28.2657 28.2657 28.2657 31.2657 28.2657 65.2657 28.2657 28.2657 28.2657 28.2657 28.2657 28.2657 28.2657 28.2657 28.2657 29.2657 28.2657 28.2657 28.2657 28.2657 28.2657 28.2657 28.2657 30.2657 28.2657 77.2657 28.2657 28.2657 28.2657 28.2657 28.2657 28.2657 28.2657 28.2657 28.2657 28.2657 28.2657 28.2657 28.2657 32.2657 28.2657 28.2657 28.2657 28.2657 28.2657 28.2657 47.2657 28.2657 28.2657 28.2657 28.2657 28.2657 28.2657 28.2657 28.2657 28.2657 28.2657 28.2657 32.2657 28.2657 28.2657 28.2657 28.2657 28.2657 28.2657 28.2657 28.2657 28.2657 28.2657 28.2657 28.2657 28.2657 28.2657 28.2657 28.2657 31.2657 28.2657 28.2657 28.2657 28.2657 124.266 28.2657 28.2657 28.2657 28.2657 28.2657 28.2657 28.2657 29.2657 28.2657 28.2657 30.2657 28.2657 28.2657 28.2657 28.2657 28.2657 28.2657 28.2657 28.2657 28.2657 28.2657 28.2657 37.2657 28.2657 28.2657 28.2657 44.2657 29.2657 30.2657 28.2657 28.2657 28.2657 28.2657 28.2657 28.2657 28.2657 28.2657 28.2657 28.2657 68.2657 28.2657 98.2657 90.2657 28.2657 209.266 28.2657 28.2657 28.2657 28.2657 28.2657 28.2657 28.2657 28.2657 28.2657 28.2657 28.2657 175.266 28.2657 28.2657 28.2657 28.2657 28.2657 28.2657 28.2657 28.2657 28.2657 28.2657 28.2657 28.2657 28.2657 28.2657 28.2657 28.2657 28.2657 28.2657 28.2657 28.2657 28.2657 28.2657 28.2657 28.2657 28.2657 28.2657 28.2657 28.2657 28.2657 28.2657 28.2657 28.2657 478.266 28.2657 38.2657 28.2657 28.2657 28.2657 28.2657 28.2657 28.2657 28.2657 31.2657 28.2657 28.2657 28.2657 28.2657 28.2657 28.2657 29.2657 28.2657 28.2657 28.2657 28.2657 28.2657 28.2657 31.2657 28.2657 28.2657 28.2657 30.2657 28.2657 31.2657 28.2657 202.266 28.2657 28.2657 
rewards of Offsets elements: 0 0 854 0 0 0 0 0 0 319 0 4 0 842 0 0 1556 0 0 0 5 0 0 592 0 0 0 0 1965 2 0 4 0 0 0 855 0 0 0 898 0 0 0 601 0 0 0 0 0 0 0 90 29 0 0 0 0 0 0 0 0 0 0 14 18 0 0 0 0 0 0 0 0 0 0 0 0 0 0 0 0 0 0 0 0 0 0 0 0 320 0 0 0 0 0 0 0 0 0 0 0 0 0 0 116 0 83 0 0 0 0 0 0 0 0 0 0 0 0 0 0 0 0 6 4 22 0 142 34 0 0 0 0 0 0 339 111 48 0 0 0 0 0 0 0 0 0 0 0 0 0 0 0 0 0 0 0 83 0 0 0 0 0 265 0 0 0 0 0 0 0 0 9 0 0 186 1532 0 0 0 0 0 0 0 0 0 0 0 0 0 0 0 66 0 0 0 0 0 0 0 0 0 0 0 0 0 518 0 0 438 0 0 0 0 786 0 0 102 200 8 0 0 0 3 0 299 364 177 0 0 0 0 0 0 0 0 0 0 0 0 0 0 0 0 0 0 0 0 92 0 0 0 0 0 0 0 0 0 0 0 0 0 0 0 0 0 0 0 0 0 0 0 0 0 0 0 0 234 14 0 0 0 0 0 0 0 0 0 0 0 0 417 0 0 0 5 26 0 0 5 148 0 0 0 0 0 0 57 0 0 0 0 0 0 0 0 0 646 311 0 0 0 0 0 0 0 0 0 0 0 0 0 0 0 0 0 0 0 0 0 0 0 0 0 0 0 0 0 0 0 240 0 0 0 0 0 273 0 0 0 0 0 0 0 0 0 0 0 0 0 0 0 0 4 0 0 0 0 0 12 3 0 0 0 0 0 208 34 328 4 1 0 0 0 0 0 0 0 0 0 0 0 0 0 0 0 0 48 4 0 0 0 0 0 0 0 0 0 0 0 0 0 0 0 0 70 0 0 113 220 0 0 0 0 0 0 0 0 0 0 0 0 0 0 0 0 0 0 0 0 0 0 0 0 0 0 0 0 0 0 0 0 0 0 0 0 0 0 0 0 0 0 0 0 0 0 0 0 0 0 3 0 20 132 0 0 0 224 33 6 6 0 0 0 0 0 0 0 0 0 0 0 0 0 0 0 0 0 0 111 0 0 0 0 66 0 0 0 51 0 0 0 0 0 99 90 0 30 216 0 0 0 0 0 80 0 0 0 0 0 0 40 250 34 0 0 0 0 0 0 0 0 0 0 0 0 0 0 0 0 0 0 0 0 0 0 0 305 0 0 118 0 0 0 0 0 0 0 0 0 0 0 0 0 0 47 0 0 0 0 0 0 0 0 0 0 0 0 2 0 0 0 0 0 0 0 5 0 1 0 0 0 45 0 0 0 0 1 0 0 0 0 0 0 0 0 14 0 0 0 0 0 0 0 0 0 0 6 6 450 0 0 0 0 0 0 0 2 0 52 0 0 0 0 1 0 0 0 0 0 0 0 0 0 0 0 0 6 31 0 0 0 0 0 0 0 0 0 0 0 297 12 0 0 0 0 0 0 0 0 0 0 0 0 0 0 0 0 0 0 0 0 0 0 0 0 0 0 0 0 306 0 48 0 0 0 2 0 0 0 0 169 9 9 0 0 0 0 0 0 144 0 0 5 0 0 0 36 52 0 0 0 0 0 0 0 323 0 0 0 0 17 0 0 0 0 0 0 0 0 0 0 0 0 0 0 0 0 72 0 0 0 0 0 0 0 0 0 0 38 0 0 0 60 0 0 0 0 0 0 0 0 0 0 0 0 0 0 0 0 0 0 0 0 126 0 0 0 0 0 0 104 0 0 0 0 0 0 0 0 0 0 0 27 4 0 0 0 0 0 0 0 14 0 0 0 0 0 0 0 56 0 0 0 0 0 49 0 84 0 0 0 0 0 0 54 9 0 0 0 1 0 0 0 215 0 0 0 0 0 0 0 60 0 0 0 0 272 441 2 4 0 0 47 58 0 0 432 260 0 0 0 0 78 34 0 0 0 0 0 0 0 0 1 0 0 0 0 0 0 3 0 0 0 0 0 0 0 0 0 0 0 0 0 0 744 405 100 372 9 0 0 0 0 423 0 0 0 0 0 0 0 0 0 16 0 0 0 0 0 0 0 0 0 0 0 0 0 0 0 0 0 0 0 0 176 0 0 0 0 18 0 0 24 0 0 0 0 6 0 0 0 630 0 0 0 27 0 172 0 0 3 0 0 0 0 0 579 11 0 0 0 0 38 25 34 343 0 0 0 0 0 0 0 0 0 0 0 0 0 0 0 0 0 0 0 0 0 0 0 0 0 0 0 0 0 0 0 0 0 0 0 0 0 0 0 0 0 0 0 0 0 3 0 49 0 1 0 0 0 0 0 0 0 0 0 0 52 60 168 1 0 200 5 0 0 0 28 28 0 0 0 0 0 0 0 0 0 0 0 0 0 0 0 0 0 0 0 0 0 0 0 0 0 0 0 0 0 0 168 620 0 0 0 0 0 0 0 0 0 0 0 0 0 0 0 0 0 0 0 0 0 0 0 0 0 0 0 0 0 36 31 0 0 0 0 0 0 0 30 0 0 0 0 0 1 60 89 0 218 0 0 0 0 0 0 0 0 0 0 0 0 0 0 0 31 49 0 0 0 0 0 0 0 5 0 0 0 0 0 0 35 0 132 0 0 0 0 0 0 0 0 0 0 0 0 0 0 0 0 0 0 0 0 64 50 0 0 109 0 0 0 0 0 0 0 0 0 0 0 0 0 0 48 0 0 0 0 0 0 0 0 0 0 0 0 0 0 0 0 0 0 0 0 0 0 0 0 0 0 0 0 0 0 0 0 0 0 0 0 0 0 0 0 0 30 0 0 0 0 0 0 26 5 16 0 0 0 0 0 0 0 0 0 0 0 0 199 0 0 0 0 0 0 0 0 11 0 0 0 0 0 0 24 0 0 0 0 0 1 0 0 0 48 50 193 0 0 7 0 0 0 0 0 0 0 0 0 0 0 0 0 0 0 0 0 0 108 0 0 0 0 0 0 0 0 0 165 12 0 0 0 0 0 8 0 0 48 0 0 0 0 0 0 0 0 0 1 0 0 0 0 0 0 0 0 0 0 0 0 0 0 0 0 0 0 0 0 0 0 0 0 0 0 0 0 0 0 0 0 0 0 0 0 0 0 0 0 0 0 0 0 0 0 0 0 0 0 0 1 0 0 0 0 0 0 0 12 0 0 48 0 0 0 0 0 0 0 0 0 0 0 0 0 0 0 0 0 0 0 0 0 0 0 0 0 0 0 0 0 0 0 0 0 0 0 0 0 0 0 0 0 0 0 0 0 0 0 0 0 0 0 0 0 0 0 0 0 0 0 0 0 0 0 0 0 0 0 0 0 570 57 0 0 0 0 0 0 0 0 0 0 0 0 0 0 0 0 0 114 0 0 0 0 0 0 359 216 3 0 0 0 0 0 0 0 40 0 4 54 43 0 0 0 0 0 0 0 52 0 0 0 0 43 0 0 0 0 0 0 0 0 0 0 0 0 0 0 0 0 3 0 0 0 0 49 0 0 0 0 0 0 0 0 0 0 0 0 0 0 0 0 0 0 0 0 0 0 0 0 0 0 0 0 0 0 0 2 0 0 0 0 0 0 0 0 0 0 4 0 0 0 0 0 0 0 0 54 0 13 0 0 0 0 0 0 3 0 0 0 0 0 0 8 0 0 0 0 0 0 0 2 0 0 204 0 32 0 0 14 0 0 0 0 0 0 0 0 0 0 0 0 0 0 0 0 0 0 0 0 0 0 0 0 0 0 0 0 0 0 0 0 0 0 0 0 0 0 0 0 0 0 0 0 0 100 0 2 0 0 0 0 0 0 0 0 0 0 0 0 0 0 0 0 0 0 0 0 0 0 0 0 0 0 0 0 0 0 0 0 0 0 0 0 0 0 0 0 0 0 0 0 0 0 0 0 0 0 0 0 0 0 0 0 0 0 0 0 0 0 0 0 0 0 0 0 0 0 0 0 3 0 37 0 0 0 0 0 0 0 0 0 1 0 0 0 0 0 0 0 2 0 49 0 0 0 0 0 0 0 0 0 0 0 0 0 4 0 0 0 0 0 0 19 0 0 0 0 0 0 0 0 0 0 0 4 0 0 0 0 0 0 0 0 0 0 0 0 0 0 0 0 3 0 0 0 0 96 0 0 0 0 0 0 0 1 0 0 2 0 0 0 0 0 0 0 0 0 0 0 9 0 0 0 16 1 2 0 0 0 0 0 0 0 0 0 0 40 0 70 62 0 181 0 0 0 0 0 0 0 0 0 0 0 147 0 0 0 0 0 0 0 0 0 0 0 0 0 0 0 0 0 0 0 0 0 0 0 0 0 0 0 0 0 0 0 0 450 0 10 0 0 0 0 0 0 0 3 0 0 0 0 0 0 1 0 0 0 0 0 0 3 0 0 0 2 0 3 0 174 0 0 Printing Sanity3
offset_index value1992
offset list size1992
reward size1992
potential size1992
-----------------------------------------------------------------------------------------------------------------------------------------------------------------------------------------------------

DRAM Statistics
 CHANNEL 0
 RQ ROW_BUFFER_HIT:       5061  ROW_BUFFER_MISS:      12372
 DBUS_CONGESTED:         22
 WQ ROW_BUFFER_HIT:        607  ROW_BUFFER_MISS:       7621  FULL:          0

 AVG_CONGESTED_CYCLE: 5
 All warmup complete: 2
Channel 0 Bank busy for read cycles: 0
Channel 0 Bank busy for write cycles: 0
Channel 0
Rank 0
0banks busy for read cycles: 596026153
0banks busy for write cycles: 3644
1banks busy for read cycles: 883460
1banks busy for write cycles: 455512
2banks busy for read cycles: 157811
2banks busy for write cycles: 93389
3banks busy for read cycles: 93942
3banks busy for write cycles: 50568
4banks busy for read cycles: 49435
4banks busy for write cycles: 32895
5banks busy for read cycles: 31304
5banks busy for write cycles: 22688
6banks busy for read cycles: 19218
6banks busy for write cycles: 20476
7banks busy for read cycles: 12020
7banks busy for write cycles: 13149
8banks busy for read cycles: 9299
8banks busy for write cycles: 8586

CPU 0 Branch Prediction Accuracy: 99.8462% MPKI: 0.271815 Average ROB Occupancy at Mispredict: 54.702
Branch types
NOT_BRANCH: 164663070 82.3315%
BRANCH_DIRECT_JUMP: 2183492 1.09175%
BRANCH_INDIRECT: 11409987 5.70499%
BRANCH_CONDITIONAL: 13666237 6.83312%
BRANCH_DIRECT_CALL: 3412328 1.70616%
BRANCH_INDIRECT_CALL: 626274 0.313137%
BRANCH_RETURN: 4038590 2.0193%
BRANCH_OTHER: 0 0%

DRAM PAGES: 1048576
Allocated PAGES: 1865
