
*** ChampSim Multicore Out-of-Order Simulator ***

Warmup Instructions: 50000000
Simulation Instructions: 200000000
Number of CPUs: 1
LLC sets: 2048
LLC ways: 16
Off-chip DRAM Size: 4096 MB Channels: 1 Width: 64-bit Data Rate: 6400 MT/s
CPU 0 runs traces/spec2k17/server_001.champsimtrace.xz
.xz
BTB has LRU replacement policy
ITLB has LRU replacement policy
DTLB has LRU replacement policy
STLB has LRU replacement policy
L1I has LRU replacement policy
L1D has LRU replacement policy
Initialize SRRIP state for L2C
Initialize DRRIP state for LLC
Offsets elements: 
Potential of Offsets elements: 
rewards of Offsets elements: 
Printing Sanity1
offset list size902
Offsets elements: 
Potential of Offsets elements: 
rewards of Offsets elements: 1825 0 843 1399 0 0 0 0 5658 0 0 0 0 0 0 0 0 0 0 0 0 0 2 0 0 0 0 0 0 0 0 0 0 0 0 0 0 1331 0 0 0 0 0 0 0 510 826 0 0 0 0 0 4 0 0 0 0 0 0 0 0 0 0 0 0 0 0 0 0 0 0 0 882 0 0 0 0 683 0 0 0 0 0 0 0 0 0 0 0 0 0 180 0 0 1 0 0 0 0 0 0 0 0 852 1026 0 0 0 0 0 0 0 0 0 0 0 0 0 0 0 0 0 0 0 0 0 0 0 0 0 0 0 0 0 0 0 0 0 0 0 0 0 0 0 0 0 0 0 0 0 0 0 0 0 0 0 0 0 0 0 0 0 0 0 0 0 0 0 0 0 0 0 0 0 0 6 0 0 0 0 0 0 0 0 0 0 0 0 0 0 0 0 0 0 0 0 0 0 0 0 0 0 0 0 0 0 0 0 0 0 0 0 0 0 0 0 0 0 0 0 0 0 0 0 0 0 0 0 0 0 0 0 0 0 0 0 0 0 0 0 0 0 0 1049 0 0 0 0 0 0 0 0 0 0 0 0 0 0 0 0 0 0 0 0 0 0 0 0 0 0 0 0 0 0 0 0 0 0 0 0 0 0 0 0 0 0 0 0 0 0 0 0 0 0 0 0 0 0 0 0 0 0 0 0 0 0 0 0 0 0 0 0 0 0 0 0 0 0 0 0 0 0 0 0 0 0 0 0 0 0 0 0 0 0 0 0 0 0 0 0 0 0 0 0 0 0 0 0 0 0 0 0 0 0 0 0 0 0 0 0 0 0 0 0 0 0 0 0 0 0 0 0 0 0 0 0 0 0 0 0 0 0 0 0 0 0 0 0 0 0 0 0 0 0 0 0 0 0 0 0 0 0 0 0 0 0 0 0 0 0 0 0 0 0 0 0 0 0 0 0 0 0 0 0 0 0 0 0 0 0 0 0 0 0 0 0 0 0 0 0 0 0 0 0 0 0 0 0 0 0 0 0 0 0 0 0 0 0 0 0 0 0 0 0 0 0 0 0 0 0 0 0 0 0 0 0 0 0 0 0 0 0 0 0 0 0 367 0 0 0 0 0 0 0 0 0 0 0 0 0 0 0 0 0 0 128 0 0 0 0 0 0 0 0 0 1 0 0 0 0 0 0 0 0 0 0 0 0 0 0 0 0 0 0 0 0 0 0 0 0 0 0 0 0 0 0 0 0 0 0 0 0 0 0 0 0 0 0 0 0 0 0 0 0 0 0 0 0 0 0 0 0 0 0 0 0 0 0 0 1 0 0 0 0 0 0 0 0 0 0 0 0 0 0 0 0 0 0 0 0 0 0 0 0 0 0 0 0 0 0 0 0 0 0 0 0 0 0 0 0 0 0 0 0 0 0 0 0 0 0 0 0 0 0 0 0 0 0 0 0 0 0 0 0 0 0 0 0 0 0 0 0 0 0 0 0 0 0 0 0 0 0 0 0 0 0 0 0 0 0 0 0 0 0 0 0 0 0 0 0 0 0 0 0 0 0 0 0 0 0 0 0 0 0 0 0 0 0 0 0 0 0 0 0 0 0 0 0 2 1 68 39 0 0 0 0 0 0 0 0 0 0 0 0 0 0 0 0 0 0 0 0 0 0 0 0 0 0 0 0 0 0 0 0 0 0 0 0 0 0 0 0 0 0 0 0 0 46 0 0 0 44 0 19 0 0 0 0 0 0 0 0 0 0 0 0 0 0 0 0 0 0 0 7 0 0 0 0 0 0 0 0 0 0 0 0 0 0 0 0 1 0 0 0 0 0 0 0 199 0 0 0 0 0 0 0 0 71 0 0 0 0 0 0 0 0 0 0 0 0 0 0 0 0 141 0 0 0 0 0 0 0 0 0 0 0 0 0 0 0 0 0 0 0 0 0 0 0 0 0 0 0 0 0 0 0 0 0 0 0 37 0 0 0 0 0 0 0 0 0 0 0 0 0 0 0 0 0 0 0 0 0 0 0 0 0 0 0 0 0 232 51 
Printing Sanity2
Heartbeat CPU 0 instructions: 10000000 cycles: 2726723 heartbeat IPC: 3.66741 cumulative IPC: 3.66741 (Simulation time: 0 hr 0 min 23 sec) 
Heartbeat CPU 0 instructions: 20000000 cycles: 5464408 heartbeat IPC: 3.65272 cumulative IPC: 3.66005 (Simulation time: 0 hr 0 min 45 sec) 
Heartbeat CPU 0 instructions: 30000002 cycles: 8203284 heartbeat IPC: 3.65113 cumulative IPC: 3.65707 (Simulation time: 0 hr 1 min 7 sec) 
Heartbeat CPU 0 instructions: 40000000 cycles: 10947646 heartbeat IPC: 3.64383 cumulative IPC: 3.65375 (Simulation time: 0 hr 1 min 30 sec) 
Heartbeat CPU 0 instructions: 50000000 cycles: 13677311 heartbeat IPC: 3.66345 cumulative IPC: 3.65569 (Simulation time: 0 hr 1 min 52 sec) 

Warmup complete CPU 0 instructions: 50000004 cycles: 13677312 (Simulation time: 0 hr 1 min 52 sec) 

Heartbeat CPU 0 instructions: 60000000 cycles: 31177632 heartbeat IPC: 0.571418 cumulative IPC: 0.571418 (Simulation time: 0 hr 2 min 26 sec) 
Heartbeat CPU 0 instructions: 70000000 cycles: 47825991 heartbeat IPC: 0.60066 cumulative IPC: 0.585674 (Simulation time: 0 hr 2 min 59 sec) 
Heartbeat CPU 0 instructions: 80000002 cycles: 64373136 heartbeat IPC: 0.604334 cumulative IPC: 0.591765 (Simulation time: 0 hr 3 min 32 sec) 
Heartbeat CPU 0 instructions: 90000000 cycles: 81470647 heartbeat IPC: 0.58488 cumulative IPC: 0.590028 (Simulation time: 0 hr 4 min 6 sec) 
Heartbeat CPU 0 instructions: 100000000 cycles: 97962961 heartbeat IPC: 0.606343 cumulative IPC: 0.593221 (Simulation time: 0 hr 4 min 40 sec) 
*** Reached end of trace for Core: 0 Repeating trace: traces/spec2k17/server_001.champsimtrace.xz
Heartbeat CPU 0 instructions: 110000000 cycles: 115043960 heartbeat IPC: 0.585446 cumulative IPC: 0.591911 (Simulation time: 0 hr 5 min 14 sec) 
Heartbeat CPU 0 instructions: 120000000 cycles: 130751665 heartbeat IPC: 0.63663 cumulative IPC: 0.597911 (Simulation time: 0 hr 5 min 46 sec) 
Heartbeat CPU 0 instructions: 130000002 cycles: 147669838 heartbeat IPC: 0.59108 cumulative IPC: 0.597048 (Simulation time: 0 hr 6 min 20 sec) 
Heartbeat CPU 0 instructions: 140000002 cycles: 165077763 heartbeat IPC: 0.574451 cumulative IPC: 0.59445 (Simulation time: 0 hr 6 min 53 sec) 
Heartbeat CPU 0 instructions: 150000001 cycles: 182397477 heartbeat IPC: 0.577377 cumulative IPC: 0.592697 (Simulation time: 0 hr 7 min 27 sec) 
Heartbeat CPU 0 instructions: 160000000 cycles: 198601683 heartbeat IPC: 0.617124 cumulative IPC: 0.594838 (Simulation time: 0 hr 8 min 0 sec) 
Heartbeat CPU 0 instructions: 170000000 cycles: 215338947 heartbeat IPC: 0.597469 cumulative IPC: 0.595056 (Simulation time: 0 hr 8 min 33 sec) 
Heartbeat CPU 0 instructions: 180000002 cycles: 231974008 heartbeat IPC: 0.60114 cumulative IPC: 0.59552 (Simulation time: 0 hr 9 min 7 sec) 
Heartbeat CPU 0 instructions: 190000003 cycles: 248442387 heartbeat IPC: 0.607224 cumulative IPC: 0.596341 (Simulation time: 0 hr 9 min 41 sec) 
Heartbeat CPU 0 instructions: 200000001 cycles: 264967316 heartbeat IPC: 0.605146 cumulative IPC: 0.59692 (Simulation time: 0 hr 10 min 14 sec) 
*** Reached end of trace for Core: 0 Repeating trace: traces/spec2k17/server_001.champsimtrace.xz
Heartbeat CPU 0 instructions: 210000000 cycles: 281748610 heartbeat IPC: 0.595902 cumulative IPC: 0.596856 (Simulation time: 0 hr 10 min 48 sec) 
Heartbeat CPU 0 instructions: 220000000 cycles: 298060234 heartbeat IPC: 0.61306 cumulative IPC: 0.597786 (Simulation time: 0 hr 11 min 21 sec) 
Heartbeat CPU 0 instructions: 230000002 cycles: 314427029 heartbeat IPC: 0.610993 cumulative IPC: 0.598504 (Simulation time: 0 hr 11 min 55 sec) 
Heartbeat CPU 0 instructions: 240000002 cycles: 332074855 heartbeat IPC: 0.566642 cumulative IPC: 0.596738 (Simulation time: 0 hr 12 min 28 sec) 
Heartbeat CPU 0 instructions: 250000002 cycles: 348473369 heartbeat IPC: 0.609811 cumulative IPC: 0.597379 (Simulation time: 0 hr 13 min 2 sec) 
Finished CPU 0 instructions: 200000003 cycles: 334796063 cumulative IPC: 0.597379 (Simulation time: 0 hr 13 min 2 sec) 

ChampSim completed all CPUs

Region of Interest Statistics

CPU 0 cumulative IPC: 0.597379 instructions: 200000003 cycles: 334796063
ITLB TOTAL     ACCESS:   29910866  HIT:   29493546  MISS:     417320  HIT %:    98.6048  MISS %:    1.39521   MPKI: 2.0866
ITLB LOAD TRANSLATION ACCESS:   29910866  HIT:   29493546  MISS:     417320  HIT %:    98.6048  MISS %:    1.39521   MPKI: 2.0866
ITLB PREFETCH  REQUESTED:          0  ISSUED:          0  USEFUL:          0  USELESS:          0
ITLB USEFUL LOAD PREFETCHES:          0 PREFETCH ISSUED TO LOWER LEVEL:          0  ACCURACY: -nan
ITLB TIMELY PREFETCHES:          0 LATE PREFETCHES: 0 DROPPED PREFETCHES: 0
ITLB PREFETCHES SAME FILL-ORIGIN LEVEL: 0 DIFFERENT FILL-ORIGIN LEVEL: 0
ITLB AVERAGE MISS LATENCY: 12.8585 cycles
ITLB RQ	ACCESS:   36678859	FORWARD:          0	MERGED:    6643861	TO_CACHE:   30034998

DTLB TOTAL     ACCESS:   36864063  HIT:   35684286  MISS:    1179777  HIT %:    96.7997  MISS %:    3.20034   MPKI: 5.89888
DTLB LOAD TRANSLATION ACCESS:   36864063  HIT:   35684286  MISS:    1179777  HIT %:    96.7997  MISS %:    3.20034   MPKI: 5.89888
DTLB PREFETCH  REQUESTED:          0  ISSUED:          0  USEFUL:          0  USELESS:          0
DTLB USEFUL LOAD PREFETCHES:          0 PREFETCH ISSUED TO LOWER LEVEL:          0  ACCURACY: -nan
DTLB TIMELY PREFETCHES:          0 LATE PREFETCHES: 0 DROPPED PREFETCHES: 0
DTLB PREFETCHES SAME FILL-ORIGIN LEVEL: 0 DIFFERENT FILL-ORIGIN LEVEL: 0
DTLB AVERAGE MISS LATENCY: 18.3654 cycles
DTLB RQ	ACCESS:   46849897	FORWARD:          0	MERGED:    9924350	TO_CACHE:   36925547

STLB TOTAL     ACCESS:   21550169  HIT:   21432384  MISS:     117785  HIT %:    99.4534  MISS %:   0.546562   MPKI: 0.588925
STLB LOAD TRANSLATION ACCESS:    1597097  HIT:    1480069  MISS:     117028  HIT %:    92.6725  MISS %:    7.32754   MPKI: 0.58514
STLB TRANSLATION FROM L1D PREFETCHER ACCESS:   19953072  HIT:   19952315  MISS:        757  HIT %:    99.9962  MISS %:  0.0037939   MPKI: 0.003785
STLB PREFETCH  REQUESTED:          0  ISSUED:          0  USEFUL:        715  USELESS:         42
STLB USEFUL LOAD PREFETCHES:        715 PREFETCH ISSUED TO LOWER LEVEL:          0  ACCURACY: inf
STLB TIMELY PREFETCHES:        715 LATE PREFETCHES: 13 DROPPED PREFETCHES: 1531330
STLB PREFETCHES SAME FILL-ORIGIN LEVEL: 0 DIFFERENT FILL-ORIGIN LEVEL: 0
STLB AVERAGE MISS LATENCY: 107.588 cycles
STLB RQ	ACCESS:   25691282	FORWARD:          0	MERGED:    2609748	TO_CACHE:   23081534

STLB Hit, L1D data hit: 0
STLB Hit, L2C data hit: 0
STLB Hit, LLC data hit: 0
STLB Hit, LLC data miss: 0
STLB STLB hints to L2: 0
L1D TOTAL     ACCESS:   67781922  HIT:   65793644  MISS:    1988278  HIT %:    97.0667  MISS %:    2.93335   MPKI: 9.94139
L1D LOAD      ACCESS:   25551509  HIT:   24404236  MISS:    1147273  HIT %:      95.51  MISS %:    4.49004   MPKI: 5.73636
L1D RFO       ACCESS:   19910251  HIT:   19555252  MISS:     354999  HIT %:     98.217  MISS %:      1.783   MPKI: 1.77499
L1D PREFETCH  ACCESS:   22320162  HIT:   21834156  MISS:     486006  HIT %:    97.8226  MISS %:    2.17743   MPKI: 2.43003
AGUS PREFETCH L1 MISS: 0
L1D PREFETCH  REQUESTED:   49856832  ISSUED:   49856330  USEFUL:     151025  USELESS:     334991
L1D USEFUL LOAD PREFETCHES:     151025 PREFETCH ISSUED TO LOWER LEVEL:     489030  ACCURACY: 30.8826
L1D TIMELY PREFETCHES:     151025 LATE PREFETCHES: 2590 DROPPED PREFETCHES: 1531330
L1D PREFETCHES SAME FILL-ORIGIN LEVEL: 489030 DIFFERENT FILL-ORIGIN LEVEL: 0
L1D AVERAGE MISS LATENCY: 262471 cycles
L1D RQ	ACCESS:   41504950	FORWARD:          0	MERGED:   15519495	TO_CACHE:   25762646
L1D WQ	ACCESS:   21428311	FORWARD:     231805	MERGED:     341060	TO_CACHE:   21087251
L1D PQ	ACCESS:   25762145	FORWARD:          0	MERGED:    1658964	TO_CACHE:   24094185

L1D UNIQUE REGIONS ACCESSED: 0
L1D REGIONS CONFLICTS: 0
L1D Cross Page Prefetch Requests: 2949173
L1D Same Page Prefetch Requests: 28739193
L1D ROI Sum of L1D PQ occupancy: 429588764
L1D PREFETCHES PUSHED FROM L2C: 0
L1I TOTAL     ACCESS:   35829531  HIT:   33886755  MISS:    1942776  HIT %:    94.5777  MISS %:    5.42228   MPKI: 9.71388
L1I LOAD      ACCESS:   35829531  HIT:   33886755  MISS:    1942776  HIT %:    94.5777  MISS %:    5.42228   MPKI: 9.71388
L1I PREFETCH  REQUESTED:          0  ISSUED:          0  USEFUL:          0  USELESS:          0
L1I USEFUL LOAD PREFETCHES:          0 PREFETCH ISSUED TO LOWER LEVEL:          0  ACCURACY: -nan
L1I TIMELY PREFETCHES:          0 LATE PREFETCHES: 0 DROPPED PREFETCHES: 0
L1I PREFETCHES SAME FILL-ORIGIN LEVEL: 0 DIFFERENT FILL-ORIGIN LEVEL: 0
L1I AVERAGE MISS LATENCY: 27.5333 cycles
L1I RQ	ACCESS:   54956724	FORWARD:          0	MERGED:   18277865	TO_CACHE:   36678859

BTB TOTAL     ACCESS:   19565792  HIT:   17841636  MISS:    1724156  HIT %:    91.1879  MISS %:    8.81209   MPKI: 8.62078
BTB BRANCH_DIRECT_JUMP	ACCESS:    1340351  HIT:    1290273  MISS:      50078
BTB BRANCH_INDIRECT	ACCESS:    8225897  HIT:    7338608  MISS:     887289
BTB BRANCH_CONDITIONAL	ACCESS:    5257195  HIT:    5175329  MISS:      81866
BTB BRANCH_DIRECT_CALL	ACCESS:    2229321  HIT:    2140579  MISS:      88742
BTB BRANCH_INDIRECT_CALL	ACCESS:     141641  HIT:     131666  MISS:       9975
BTB BRANCH_RETURN	ACCESS:    2371387  HIT:    1765181  MISS:     606206
BTB BRANCH_OTHER ACCESS:          0  HIT:          0  MISS:          0

L2C TOTAL     ACCESS:    7702884  HIT:    5779638  MISS:    1923246  HIT %:    75.0321  MISS %:    24.9679   MPKI: 9.61623
L2C LOAD      ACCESS:    3087439  HIT:    1852164  MISS:    1235275  HIT %:    59.9903  MISS %:    40.0097   MPKI: 6.17637
L2C DATA LOAD MPKI: 3.4833
L2C INSTRUCTION LOAD MPKI: 2.69307
L2C RFO       ACCESS:     354562  HIT:      65773  MISS:     288789  HIT %:    18.5505  MISS %:    81.4495   MPKI: 1.44394
L2C PREFETCH  ACCESS:     488993  HIT:     194245  MISS:     294748  HIT %:    39.7235  MISS %:    60.2765   MPKI: 1.47374
AGUS PREFETCH L1 MISS: 0
L2C DATA PREFETCH MPKI: 1.47374
L2C INSTRUCTION PREFETCH MPKI: 0
L2C WRITEBACK ACCESS:     812673  HIT:     792255  MISS:      20418  HIT %:    97.4876  MISS %:    2.51245   MPKI: 0.10209
L2C LOAD TRANSLATION ACCESS:     149317  HIT:      66983  MISS:      82334  HIT %:    44.8596  MISS %:    55.1404   MPKI: 0.41167
L2C TRANSLATION FROM L1D PREFETCHER ACCESS:    2809900  HIT:    2808218  MISS:       1682  HIT %:    99.9401  MISS %:  0.0598598   MPKI: 0.00841
L2C PREFETCH  REQUESTED:          0  ISSUED:          0  USEFUL:      22776  USELESS:     273806
L2C USEFUL LOAD PREFETCHES:      22776 PREFETCH ISSUED TO LOWER LEVEL:     294748  ACCURACY: 7.72728
L2C TIMELY PREFETCHES:      22776 LATE PREFETCHES: 0 DROPPED PREFETCHES: 0
L2C PREFETCHES SAME FILL-ORIGIN LEVEL: 0 DIFFERENT FILL-ORIGIN LEVEL: 0
L2C AVERAGE MISS LATENCY: 119.534 cycles
L2C RQ	ACCESS:    6401241	FORWARD:          0	MERGED:          0	TO_CACHE:    6401218
L2C WQ	ACCESS:     812673	FORWARD:         57	MERGED:          0	TO_CACHE:     812673
L2C PQ	ACCESS:     489030	FORWARD:          0	MERGED:          0	TO_CACHE:     488996

L2C Instructions Evicting Data 360126
L2C Translations Evicting Data 56239
L2C Data Evicting Data 871986
L2C Instructions Evicting Instructions 156244
L2C Translations Evicting Instructions 24088
L2C Data Evicting Instructions 351042
L2C Instructions Evicting Translations 22245
L2C Translations Evicting Translations 3689
L2C Data Evicting Translations 57169
L2C Dense regions hint from L2: 0
PSCL5 TOTAL     ACCESS:    1649128  HIT:    1649128  MISS:          0  HIT %:        100  MISS %:          0   MPKI: 0
PSCL5 LOAD TRANSLATION ACCESS:     117028  HIT:     117028  MISS:          0  HIT %:        100  MISS %:          0   MPKI: 0
PSCL5 TRANSLATION FROM L1D PREFETCHER ACCESS:    1532100  HIT:    1532100  MISS:          0  HIT %:        100  MISS %:          0   MPKI: 0
PSCL5 PREFETCH  REQUESTED:          0  ISSUED:          0  USEFUL:          0  USELESS:          0
PSCL5 USEFUL LOAD PREFETCHES:          0 PREFETCH ISSUED TO LOWER LEVEL:          0  ACCURACY: -nan
PSCL5 TIMELY PREFETCHES:          0 LATE PREFETCHES: 0 DROPPED PREFETCHES: 0
PSCL5 PREFETCHES SAME FILL-ORIGIN LEVEL: 0 DIFFERENT FILL-ORIGIN LEVEL: 0

PSCL4 TOTAL     ACCESS:    1637896  HIT:    1637571  MISS:        325  HIT %:    99.9802  MISS %:  0.0198425   MPKI: 0.001625
PSCL4 LOAD TRANSLATION ACCESS:     114733  HIT:     114408  MISS:        325  HIT %:    99.7167  MISS %:   0.283266   MPKI: 0.001625
PSCL4 TRANSLATION FROM L1D PREFETCHER ACCESS:    1523163  HIT:    1523163  MISS:          0  HIT %:        100  MISS %:          0   MPKI: 0
PSCL4 PREFETCH  REQUESTED:          0  ISSUED:          0  USEFUL:          0  USELESS:          0
PSCL4 USEFUL LOAD PREFETCHES:          0 PREFETCH ISSUED TO LOWER LEVEL:          0  ACCURACY: -nan
PSCL4 TIMELY PREFETCHES:          0 LATE PREFETCHES: 0 DROPPED PREFETCHES: 0
PSCL4 PREFETCHES SAME FILL-ORIGIN LEVEL: 0 DIFFERENT FILL-ORIGIN LEVEL: 0

PSCL3 TOTAL     ACCESS:    1648342  HIT:    1648017  MISS:        325  HIT %:    99.9803  MISS %:  0.0197168   MPKI: 0.001625
PSCL3 LOAD TRANSLATION ACCESS:     116687  HIT:     116362  MISS:        325  HIT %:    99.7215  MISS %:   0.278523   MPKI: 0.001625
PSCL3 TRANSLATION FROM L1D PREFETCHER ACCESS:    1531655  HIT:    1531655  MISS:          0  HIT %:        100  MISS %:          0   MPKI: 0
PSCL3 PREFETCH  REQUESTED:          0  ISSUED:          0  USEFUL:          0  USELESS:          0
PSCL3 USEFUL LOAD PREFETCHES:          0 PREFETCH ISSUED TO LOWER LEVEL:          0  ACCURACY: -nan
PSCL3 TIMELY PREFETCHES:          0 LATE PREFETCHES: 0 DROPPED PREFETCHES: 0
PSCL3 PREFETCHES SAME FILL-ORIGIN LEVEL: 0 DIFFERENT FILL-ORIGIN LEVEL: 0

PSCL2 TOTAL     ACCESS:     371713  HIT:     339972  MISS:      31741  HIT %:    91.4609  MISS %:    8.53911   MPKI: 0.158705
PSCL2 LOAD TRANSLATION ACCESS:     117117  HIT:      85376  MISS:      31741  HIT %:     72.898  MISS %:     27.102   MPKI: 0.158705
PSCL2 TRANSLATION FROM L1D PREFETCHER ACCESS:     254596  HIT:     254596  MISS:          0  HIT %:        100  MISS %:          0   MPKI: 0
PSCL2 PREFETCH  REQUESTED:          0  ISSUED:          0  USEFUL:          0  USELESS:          0
PSCL2 USEFUL LOAD PREFETCHES:          0 PREFETCH ISSUED TO LOWER LEVEL:          0  ACCURACY: -nan
PSCL2 TIMELY PREFETCHES:          0 LATE PREFETCHES: 0 DROPPED PREFETCHES: 0
PSCL2 PREFETCHES SAME FILL-ORIGIN LEVEL: 0 DIFFERENT FILL-ORIGIN LEVEL: 0

LLC TOTAL     ACCESS:    2559596  HIT:    1593680  MISS:     965916  HIT %:     62.263  MISS %:     37.737   MPKI: 4.82958
LLC LOAD      ACCESS:    1235272  HIT:     724268  MISS:     511004  HIT %:    58.6323  MISS %:    41.3677   MPKI: 2.55502
LLC RFO       ACCESS:     288789  HIT:      19570  MISS:     269219  HIT %:    6.77657  MISS %:    93.2234   MPKI: 1.34609
LLC PREFETCH  ACCESS:     294746  HIT:     177136  MISS:     117610  HIT %:    60.0978  MISS %:    39.9022   MPKI: 0.58805
AGUS PREFETCH L1 MISS: 0
LLC WRITEBACK ACCESS:     656773  HIT:     621513  MISS:      35260  HIT %:    94.6313  MISS %:    5.36867   MPKI: 0.1763
LLC LOAD TRANSLATION ACCESS:      82334  HIT:      49835  MISS:      32499  HIT %:    60.5278  MISS %:    39.4722   MPKI: 0.162495
LLC TRANSLATION FROM L1D PREFETCHER ACCESS:       1682  HIT:       1358  MISS:        324  HIT %:    80.7372  MISS %:    19.2628   MPKI: 0.00162
LLC PREFETCH  REQUESTED:          0  ISSUED:          0  USEFUL:      14356  USELESS:     104729
LLC USEFUL LOAD PREFETCHES:      14356 PREFETCH ISSUED TO LOWER LEVEL:     117610  ACCURACY: 12.2064
LLC TIMELY PREFETCHES:      14356 LATE PREFETCHES: 0 DROPPED PREFETCHES: 0
LLC PREFETCHES SAME FILL-ORIGIN LEVEL: 0 DIFFERENT FILL-ORIGIN LEVEL: 0
LLC AVERAGE MISS LATENCY: 178.632 cycles
LLC RQ	ACCESS:    1608080	FORWARD:          0	MERGED:          0	TO_CACHE:    1608077
LLC WQ	ACCESS:     656773	FORWARD:          5	MERGED:          0	TO_CACHE:     656773
LLC PQ	ACCESS:     294748	FORWARD:          0	MERGED:          0	TO_CACHE:     294746

LLC Dense regions hint to LLC: 0

RAW hits: 4060580
Loads Generated: 45565530
Loads sent to L1D: 41504950
Stores Generated: 21428291
Stores sent to L1D: 21428311
Major fault: 0 Minor fault: 17224
Allocated PAGES: 17224
ucb ended
-----------------------------------------------------------------------------------------------------------------------------------------------------------------------------------------------------
Offsets elements: -1 -8351864 2 -2 -4397630085937 4397638429609 -4397637940135 4397637930654 1 17673 -4397637905314 4397637905315 -163185 145824 -8334504 8356841 -8356839 8334189 -145511 145512 312 22337 -4976 -8351866 -4397630085936 4397629363489 -4397628813243 4397629535691 8343672 -8343670 -4397630085938 583690 -3683882 3100192 4397629363488 722451 -4397629553650 4 4397629553644 -4398019018607 4398019018606 8343670 -4397638429609 -4397629363487 532287 6 -4 -532289 549205 -535011 -14196 4082 -19 4397638270555 145511 -8351868 -4397630085935 550245 33444 3114206 -9952 9954 475459 -475459 -9954 4397629359427 -4397629349473 509381 4397636655017 -4397636648165 -333656 4397629166896 -3 -4397629349470 4397636816455 -4397636816454 35861 3 61352 -61352 4397637948183 -4397637984047 4397633074298 5332144 -8334455 288223780706293814 -2200618112958 2200618112958 1142008 -574556 -567452 246 1141762 3684 -21392 563729 -1113228 -249 1113681 -1113425 -288223780706294068 -72 -722451 10 -10 -4398018296072 4398018296072 722453 7092480 -7814926 722447 -4397629555687 4397638078245 -4397638224960 61355 4397629974703 -4397630071920 519335 -509381 4397630071920 -4397629596463 4397629596461 -4397630081876 4397630081876 -4397630071923 4397630071923 -8343671 4397638274617 -4397638270555 4397638416066 22649 -22337 17361 -8351865 -4397630085939 489474 4397637940135 -4397637897058 4397637742066 -4397637887577 4397637887578 8188678 -8351867 -722448 722448 550246 4397629502247 -722450 -4397632463680 532288 4397629553649 389481873 -549206 4397630085939 -4397630071744 4397630071743 -4397630085940 4397638429610 4397629363487 -4397628831200 -528209 -4080 4061 9951 -9953 4397628840092 7814925 -516233 182577 -146715 4397636719238 -7466982 4397637984048 35864 -35864 205 -1113434 255 -4398019018523 8911356 -8911356 722443 -4397629889343 333656 -419016 -61355 4397630036058 4397630071921 -4397629562541 -509380 4397630071919 -4397629596461 4397629596463 8343671 4397638274616 -4397638416066 4397638416067 43013 4397637897122 -154992 -4977 4397633186129 -4397629363488 -4397629536733 -388932668 -182577 97217 4397636780593 8634578 -4397637984048 -1142008 567452 574556 -8911346 35862 -107171 9955 4397629562539 9953 43077 4397637897058 8188680 -17361 -8356842 -33444 -3650438 3683882 -583690 -532290 9066121 -1599102 -6744570 -550245 -388932667 389464955 16912 -389481873 385832475 4397633186131 -4397507437026 4397507437027 -4397633186129 134083298 9 -134083314 3100191 4397629013306 -4397629013305 -4397632463679 4397640282894 -4397640282895 3590061 -3590062 3923892 4397635999680 -4397636000297 617 -617 -3885094 4397632425492 -4397628541478 -3922192 3923272 -1079 -3922195 3923891 -616 616 1696 4397629262851 -4397629262235 -823701 4397629363483 -4397632463669 4397641374804 -722452 4397639923567 -4397636823380 4397637202291 -7838802 -4397628873620 60377 4397629502246 7096767 1246906 -4397641529800 4397636340705 352128 -7096767 -4397629596065 -3590063 4397640282895 -359323 -4397636333510 4397636692834 -7096768 4397639923572 -6737444 -4397633186128 4397633186128 530248 -530247 530253 4397629555683 134030831 4397499155297 -4397629477509 4397629477510 -4397637725411 -9481 -4398019018606 -528213 4397630081857 4397630085938 -4397630081877 -3683880 4397633186125 -4397630071921 -73 288223780706293887 8911346 -4397638429608 4397630085937 -4062 4397633186127 3114204 4398018296082 7092482 8911349 -8188903 -4397629889342 4397629889343 -97217 -45816 -8356841 4397638420127 -145512 4977 7814933 722446 8188902 -4397638078245 4397629555687 -4397629974703 -35862 -485413 -4397637887641 388946862 4397630071744 -4397638429610 4081 528207 -528232 528228 4397637742327 4976 -4397637164398 4397629349473 516233 4397636300222 -4397636633878 4397637801471 4397633038434 -1113226 1113226 1113223 -1113217 1113426 -1113681 -288223780706293886 72 8334190 163185 -8351862 8334502 -4397638420129 4397638437802 -4397637948327 4397637948328 -4397637905251 4397629553386 -722449 -4398018296156 4398018296155 -4397628779798 4397637845919 4397638415414 -4397641529799 3100190 532289 -528226 528232 16916 4397637725411 9952 -4397628874011 526187 4397636633878 4397637984047 -4397637474667 -473519 -1141758 567203 1113218 -1113224 1113429 252 1113427 -1113426 -4397629596465 4397637785143 -4397638270556 -4397638437800 4397638420441 -4397638438716 4397630081877 -4397637897122 4397637742130 17674 -17360 -722447 -4398019018604 388932668 4397630085940 -4398019018605 4398027362276 -4397630071743 536050 4397629535692 -9066121 583689 -3100189 3104271 -16918 -528228 -9951 485413 6852 288221580088180856 -549494 1113224 -1113220 4398027207428 -4397629562543 -523395 -4397638433740 722449 -550246 389516357 -51402 -3114385 4397628814282 4397638429608 -4397637897321 -536232 569675 -569676 -3104251 3114205 -4397628833240 4397636648165 -1113432 -4398019018522 7814923 722444 8188905 -4397637744589 4397629889342 -4397629974705 4397638415593 -4397637751221 4397638420129 4397638433739 -9079290 4397637879363 -385832478 17672 8334507 -4397638420442 4397638442778 -4397637892533 -485411 -1113431 -288223780699201657 -4398026111005 4398019018594 7 -4397630036059 4397630036060 33922 -509382 4397638425548 -4397638274616 4397638433740 8356839 -168161 -17674 -8334505 4397641529799 14195 -4397638433721 4397638416360 -4397638416379 4397638438716 -4397637910484 -6 4397637905511 -475460 -85360 4397629313611 1167593 1113433 -209 -1113222 -288223780706294140 -71 70 4397629562540 -4397630081874 4062 385832477 3114385 545144 -567202 571136 -570881 549490 -549493 1113221 -1113223 -1113428 475460 4397630081875 22650 17360 4398019018604 -388932666 -4397637879364 -536051 -583691 -3100190 -4397629359425 4397636688939 -4397637164399 326804 4397630071922 -4397630081878 4397637896733 -4397638420128 4397638420128 -9056640 8911129 569676 -579627 7814926 -7092480 8188903 -8188902 -4397629555689 292882 -4397630036060 97216 -97218 509382 4397629562541 8334504 -8188680 8334192 485411 -4397630036057 -4397638274617 -4397637948328 4397637930967 -4397629553452 4397629553450 -4397629553651 -389464958 -4397637905514 -8334507 71 -70 -4397629562540 475458 -4397638420441 -4397637785143 -4397637887578 4397637887890 -4397638415414 -14195 4397629349470 -4397629359427 -182576 -97216 570887 -571136 4398019018603 -4397629535693 -4397629502249 4397628779798 3649396 -4397637174350 -516234 -326804 -570886 549495 1113428 8188679 -3104253 3104251 -4397629889345 -4397638416067 -9074314 -4397629502248 -4397629536732 -4397638442779 4397630036059 -4397629553388 388932667 -4397628831198 -532293 -4397638433720 1113225 -254 -288223780706293814 -4398019018594 4398019018522 7092481 -7814933 -4397637905315 3650436 -4398018296155 389464959 4397637897319 -8343672 -4397629535692 4397629535694 4397636830507 1589934 -4397637910490 4397637905508 -4397637888596 -3649396 134083292 4397499102835 134083296 -134083312 4397632113495 -4397629013306 4397637182704 -4397637182703 -4397632463678 3590060 -3590061 3923889 -4397635999680 3885710 4397628539782 -4397628539782 -3923269 3923273 1079 -1078 1080 4397629262852 -4397633147947 4397641491619 -1246906 -4397636360698 -3922193 -4397629596066 4397636692832 -4397633186126 4397639923570 4397629596065 4397633186126 6737444 -7459892 3630437 -530254 4397630085936 -4397499155297 -130322212 4397629477509 4397629536733 -4398027352796 8356840 -13169 4080 -518280 4397637176971 -4397636667590 146715 4397633074297 5331816 313 22336 -8351874 3002385 288223780703291503 -288223780697959359 -2200619116075 -23232 9238 2200618016594 1141985 -2200619167817 23232 -13995 13994 2200618002847 -1141739 -246 249 1113431 28338 -28337 1113680 -1113680 1141984 -1141984 -2200618110334 2200618110582 -248 11749583 -11749587 11749582 -11749828 -2200618025847 2200618026089 -2200618026089 2200618026093 11750094 -10608087 10607822 -11749829 11749829 -10607828 -1141755 11749584 -11749584 1136125 -1136125 1139965 -1139964 721917 417795 10609872 718336 -718331 -11749585 1137663 -1137909 1137909 -419332 11031268 -10609889 2027 26 -1142011 1140469 -2200619166316 15 2200629775926 12 -427 415 -10608110 10608076 -11750060 10608112 -2200629775932 1642 2200618024435 11749853 -11749853 1141754 -2200619167762 2200619167751 -2200619252415 2200619252417 -506636 11114747 -10608108 20 -506660 506638 -506638 -119357 11234101 -10608105 -569399 569399 -506640 506641 -506641 506639 -506637 506664 10608045 -10608076 31 1141986 -2200618661195 2200629775721 -11114523 11114746 -11235926 81252 16 11154621 -11154621 11154653 -11154655 -11154623 11154619 -11154620 11154623 -11154622 -595202 635108 10608074 -11154619 -11154618 11154651 -31 -11749819 -2200618011423 2200618011424 1141744 -2200629860491 2200614831582 15028909 10608077 11154624 33 -11154654 -11749822 595202 39906 -635109 572352 -572349 1141745 -569396 62758 -62758 52 -52 -51 62757 11114744 -11114747 62756 -62760 11177504 -11749855 11750061 -10608056 -2200619167771 2200629775860 -569384 569396 -1141997 1141997 11177033 -11177046 -572346 -242 624384 -51796 37 -572625 572634 -572392 572362 -2200618568081 2200618568065 51796 -51761 51759 11125710 -11125474 517364 -517600 11125676 -11125440 11125475 -238 52035 -2200618627313 2200618627318 -2200615029682 2200615029682 -2200615029681 2200615029677 -2200615029677 11125203 -11125203 11125202 -11125206 5 -51759 
Potential of Offsets elements: 1825.11 28.2058 871.206 1427.21 28.2058 28.2058 28.2058 28.2058 1651.94 28.2058 28.2058 28.2058 28.2058 28.2058 28.2058 28.2058 28.2058 28.2058 28.2058 28.2058 28.2058 28.2058 30.2058 28.2058 28.2058 28.2058 28.2058 28.2058 28.2058 28.2058 28.2058 28.2058 28.2058 28.2058 28.2058 28.2058 28.2058 1359.21 28.2058 28.2058 28.2058 28.2058 28.2058 28.2058 28.2058 538.206 854.206 28.2058 28.2058 28.2058 28.2058 28.2058 32.2058 28.2058 28.2058 28.2058 28.2058 28.2058 28.2058 28.2058 28.2058 28.2058 28.2058 28.2058 28.2058 28.2058 28.2058 28.2058 28.2058 28.2058 28.2058 28.2058 910.206 28.2058 28.2058 28.2058 28.2058 711.206 28.2058 28.2058 28.2058 28.2058 28.2058 28.2058 28.2058 28.2058 28.2058 28.2058 28.2058 28.2058 28.2058 208.206 28.2058 28.2058 29.2058 28.2058 28.2058 28.2058 28.2058 28.2058 28.2058 28.2058 28.2058 880.206 1054.21 28.2058 28.2058 28.2058 28.2058 28.2058 28.2058 28.2058 28.2058 28.2058 28.2058 28.2058 28.2058 28.2058 28.2058 28.2058 28.2058 28.2058 28.2058 28.2058 28.2058 28.2058 28.2058 28.2058 28.2058 28.2058 28.2058 28.2058 28.2058 28.2058 28.2058 28.2058 28.2058 28.2058 28.2058 28.2058 28.2058 28.2058 28.2058 28.2058 28.2058 28.2058 28.2058 28.2058 28.2058 28.2058 28.2058 28.2058 28.2058 28.2058 28.2058 28.2058 28.2058 28.2058 28.2058 28.2058 28.2058 28.2058 28.2058 28.2058 28.2058 28.2058 28.2058 28.2058 28.2058 28.2058 28.2058 28.2058 28.2058 28.2058 28.2058 34.2058 28.2058 28.2058 28.2058 28.2058 28.2058 28.2058 28.2058 28.2058 28.2058 28.2058 28.2058 28.2058 28.2058 28.2058 28.2058 28.2058 28.2058 28.2058 28.2058 28.2058 28.2058 28.2058 28.2058 28.2058 28.2058 28.2058 28.2058 28.2058 28.2058 28.2058 28.2058 28.2058 28.2058 28.2058 28.2058 28.2058 28.2058 28.2058 28.2058 28.2058 28.2058 28.2058 28.2058 28.2058 28.2058 28.2058 28.2058 28.2058 28.2058 28.2058 28.2058 28.2058 28.2058 28.2058 28.2058 28.2058 28.2058 28.2058 28.2058 28.2058 28.2058 28.2058 28.2058 28.2058 28.2058 28.2058 28.2058 1077.21 28.2058 28.2058 28.2058 28.2058 28.2058 28.2058 28.2058 28.2058 28.2058 28.2058 28.2058 28.2058 28.2058 28.2058 28.2058 28.2058 28.2058 28.2058 28.2058 28.2058 28.2058 28.2058 28.2058 28.2058 28.2058 28.2058 28.2058 28.2058 28.2058 28.2058 28.2058 28.2058 28.2058 28.2058 28.2058 28.2058 28.2058 28.2058 28.2058 28.2058 28.2058 28.2058 28.2058 28.2058 28.2058 28.2058 28.2058 28.2058 28.2058 28.2058 28.2058 28.2058 28.2058 28.2058 28.2058 28.2058 28.2058 28.2058 28.2058 28.2058 28.2058 28.2058 28.2058 28.2058 28.2058 28.2058 28.2058 28.2058 28.2058 28.2058 28.2058 28.2058 28.2058 28.2058 28.2058 28.2058 28.2058 28.2058 28.2058 28.2058 28.2058 28.2058 28.2058 28.2058 28.2058 28.2058 28.2058 28.2058 28.2058 28.2058 28.2058 28.2058 28.2058 28.2058 28.2058 28.2058 28.2058 28.2058 28.2058 28.2058 28.2058 28.2058 28.2058 28.2058 28.2058 28.2058 28.2058 28.2058 28.2058 28.2058 28.2058 28.2058 28.2058 28.2058 28.2058 28.2058 28.2058 28.2058 28.2058 28.2058 28.2058 28.2058 28.2058 28.2058 28.2058 28.2058 28.2058 28.2058 28.2058 28.2058 28.2058 28.2058 28.2058 28.2058 28.2058 28.2058 28.2058 28.2058 28.2058 28.2058 28.2058 28.2058 28.2058 28.2058 28.2058 28.2058 28.2058 28.2058 28.2058 28.2058 28.2058 28.2058 28.2058 28.2058 28.2058 28.2058 28.2058 28.2058 28.2058 28.2058 28.2058 28.2058 28.2058 28.2058 28.2058 28.2058 28.2058 28.2058 28.2058 28.2058 28.2058 28.2058 28.2058 28.2058 28.2058 28.2058 28.2058 28.2058 28.2058 28.2058 28.2058 28.2058 28.2058 28.2058 28.2058 28.2058 28.2058 28.2058 28.2058 28.2058 28.2058 28.2058 28.2058 28.2058 28.2058 28.2058 28.2058 28.2058 28.2058 28.2058 28.2058 28.2058 28.2058 28.2058 28.2058 28.2058 28.2058 28.2058 28.2058 28.2058 28.2058 28.2058 28.2058 28.2058 28.2058 28.2058 28.2058 28.2058 28.2058 28.2058 28.2058 28.2058 28.2058 28.2058 28.2058 28.2058 28.2058 28.2058 28.2058 28.2058 28.2058 28.2058 28.2058 28.2058 28.2058 28.2058 28.2058 28.2058 28.2058 28.2058 28.2058 28.2058 395.206 28.2058 28.2058 28.2058 28.2058 28.2058 28.2058 28.2058 28.2058 28.2058 28.2058 28.2058 28.2058 28.2058 28.2058 28.2058 28.2058 28.2058 28.2058 156.206 28.2058 28.2058 28.2058 28.2058 28.2058 28.2058 28.2058 28.2058 28.2058 29.2058 28.2058 28.2058 28.2058 28.2058 28.2058 28.2058 28.2058 28.2058 28.2058 28.2058 28.2058 28.2058 28.2058 28.2058 28.2058 28.2058 28.2058 28.2058 28.2058 28.2058 28.2058 28.2058 28.2058 28.2058 28.2058 28.2058 28.2058 28.2058 28.2058 28.2058 28.2058 28.2058 28.2058 28.2058 28.2058 28.2058 28.2058 28.2058 28.2058 28.2058 28.2058 28.2058 28.2058 28.2058 28.2058 28.2058 28.2058 28.2058 28.2058 28.2058 28.2058 28.2058 28.2058 28.2058 28.2058 28.2058 28.2058 28.2058 28.2058 28.2058 28.2058 28.2058 28.2058 29.2058 28.2058 28.2058 28.2058 28.2058 28.2058 28.2058 28.2058 28.2058 28.2058 28.2058 28.2058 28.2058 28.2058 28.2058 28.2058 28.2058 28.2058 28.2058 28.2058 28.2058 28.2058 28.2058 28.2058 28.2058 28.2058 28.2058 28.2058 28.2058 28.2058 28.2058 28.2058 28.2058 28.2058 28.2058 28.2058 28.2058 28.2058 28.2058 28.2058 28.2058 28.2058 28.2058 28.2058 28.2058 28.2058 28.2058 28.2058 28.2058 28.2058 28.2058 28.2058 28.2058 28.2058 28.2058 28.2058 28.2058 28.2058 28.2058 28.2058 28.2058 28.2058 28.2058 28.2058 28.2058 28.2058 28.2058 28.2058 28.2058 28.2058 28.2058 28.2058 28.2058 28.2058 28.2058 28.2058 28.2058 28.2058 28.2058 28.2058 28.2058 28.2058 28.2058 28.2058 28.2058 28.2058 28.2058 28.2058 28.2058 28.2058 28.2058 28.2058 28.2058 28.2058 28.2058 28.2058 28.2058 28.2058 28.2058 28.2058 28.2058 28.2058 28.2058 28.2058 28.2058 28.2058 28.2058 28.2058 28.2058 28.2058 28.2058 28.2058 28.2058 28.2058 28.2058 28.2058 28.2058 28.2058 28.2058 28.2058 28.2058 28.2058 28.2058 28.2058 28.2058 28.2058 28.2058 28.2058 28.2058 30.2058 29.2058 96.2058 67.2058 28.2058 28.2058 28.2058 28.2058 28.2058 28.2058 28.2058 28.2058 28.2058 28.2058 28.2058 28.2058 28.2058 28.2058 28.2058 28.2058 28.2058 28.2058 28.2058 28.2058 28.2058 28.2058 28.2058 28.2058 28.2058 28.2058 28.2058 28.2058 28.2058 28.2058 28.2058 28.2058 28.2058 28.2058 28.2058 28.2058 28.2058 28.2058 28.2058 28.2058 28.2058 28.2058 28.2058 28.2058 28.2058 74.2058 28.2058 28.2058 28.2058 72.2058 28.2058 47.2058 28.2058 28.2058 28.2058 28.2058 28.2058 28.2058 28.2058 28.2058 28.2058 28.2058 28.2058 28.2058 28.2058 28.2058 28.2058 28.2058 28.2058 28.2058 28.2058 35.2058 28.2058 28.2058 28.2058 28.2058 28.2058 28.2058 28.2058 28.2058 28.2058 28.2058 28.2058 28.2058 28.2058 28.2058 28.2058 28.2058 29.2058 28.2058 28.2058 28.2058 28.2058 28.2058 28.2058 28.2058 227.206 28.2058 28.2058 28.2058 28.2058 28.2058 28.2058 28.2058 28.2058 99.2058 28.2058 28.2058 28.2058 28.2058 28.2058 28.2058 28.2058 28.2058 28.2058 28.2058 28.2058 28.2058 28.2058 28.2058 28.2058 28.2058 169.206 28.2058 28.2058 28.2058 28.2058 28.2058 28.2058 28.2058 28.2058 28.2058 28.2058 28.2058 28.2058 28.2058 28.2058 28.2058 28.2058 28.2058 28.2058 28.2058 28.2058 28.2058 28.2058 28.2058 28.2058 28.2058 28.2058 28.2058 28.2058 28.2058 28.2058 28.2058 28.2058 28.2058 28.2058 28.2058 65.2058 28.2058 28.2058 28.2058 28.2058 28.2058 28.2058 28.2058 28.2058 28.2058 28.2058 28.2058 28.2058 28.2058 28.2058 28.2058 28.2058 28.2058 28.2058 28.2058 28.2058 28.2058 28.2058 28.2058 28.2058 28.2058 28.2058 28.2058 28.2058 28.2058 260.206 79.2058 
rewards of Offsets elements: 1825 0 843 1399 0 0 0 0 1651 0 0 0 0 0 0 0 0 0 0 0 0 0 2 0 0 0 0 0 0 0 0 0 0 0 0 0 0 1331 0 0 0 0 0 0 0 510 826 0 0 0 0 0 4 0 0 0 0 0 0 0 0 0 0 0 0 0 0 0 0 0 0 0 882 0 0 0 0 683 0 0 0 0 0 0 0 0 0 0 0 0 0 180 0 0 1 0 0 0 0 0 0 0 0 852 1026 0 0 0 0 0 0 0 0 0 0 0 0 0 0 0 0 0 0 0 0 0 0 0 0 0 0 0 0 0 0 0 0 0 0 0 0 0 0 0 0 0 0 0 0 0 0 0 0 0 0 0 0 0 0 0 0 0 0 0 0 0 0 0 0 0 0 0 0 0 0 6 0 0 0 0 0 0 0 0 0 0 0 0 0 0 0 0 0 0 0 0 0 0 0 0 0 0 0 0 0 0 0 0 0 0 0 0 0 0 0 0 0 0 0 0 0 0 0 0 0 0 0 0 0 0 0 0 0 0 0 0 0 0 0 0 0 0 0 1049 0 0 0 0 0 0 0 0 0 0 0 0 0 0 0 0 0 0 0 0 0 0 0 0 0 0 0 0 0 0 0 0 0 0 0 0 0 0 0 0 0 0 0 0 0 0 0 0 0 0 0 0 0 0 0 0 0 0 0 0 0 0 0 0 0 0 0 0 0 0 0 0 0 0 0 0 0 0 0 0 0 0 0 0 0 0 0 0 0 0 0 0 0 0 0 0 0 0 0 0 0 0 0 0 0 0 0 0 0 0 0 0 0 0 0 0 0 0 0 0 0 0 0 0 0 0 0 0 0 0 0 0 0 0 0 0 0 0 0 0 0 0 0 0 0 0 0 0 0 0 0 0 0 0 0 0 0 0 0 0 0 0 0 0 0 0 0 0 0 0 0 0 0 0 0 0 0 0 0 0 0 0 0 0 0 0 0 0 0 0 0 0 0 0 0 0 0 0 0 0 0 0 0 0 0 0 0 0 0 0 0 0 0 0 0 0 0 0 0 0 0 0 0 0 0 0 0 0 0 0 0 0 0 0 0 0 0 0 0 0 0 0 367 0 0 0 0 0 0 0 0 0 0 0 0 0 0 0 0 0 0 128 0 0 0 0 0 0 0 0 0 1 0 0 0 0 0 0 0 0 0 0 0 0 0 0 0 0 0 0 0 0 0 0 0 0 0 0 0 0 0 0 0 0 0 0 0 0 0 0 0 0 0 0 0 0 0 0 0 0 0 0 0 0 0 0 0 0 0 0 0 0 0 0 0 1 0 0 0 0 0 0 0 0 0 0 0 0 0 0 0 0 0 0 0 0 0 0 0 0 0 0 0 0 0 0 0 0 0 0 0 0 0 0 0 0 0 0 0 0 0 0 0 0 0 0 0 0 0 0 0 0 0 0 0 0 0 0 0 0 0 0 0 0 0 0 0 0 0 0 0 0 0 0 0 0 0 0 0 0 0 0 0 0 0 0 0 0 0 0 0 0 0 0 0 0 0 0 0 0 0 0 0 0 0 0 0 0 0 0 0 0 0 0 0 0 0 0 0 0 0 0 0 0 2 1 68 39 0 0 0 0 0 0 0 0 0 0 0 0 0 0 0 0 0 0 0 0 0 0 0 0 0 0 0 0 0 0 0 0 0 0 0 0 0 0 0 0 0 0 0 0 0 46 0 0 0 44 0 19 0 0 0 0 0 0 0 0 0 0 0 0 0 0 0 0 0 0 0 7 0 0 0 0 0 0 0 0 0 0 0 0 0 0 0 0 1 0 0 0 0 0 0 0 199 0 0 0 0 0 0 0 0 71 0 0 0 0 0 0 0 0 0 0 0 0 0 0 0 0 141 0 0 0 0 0 0 0 0 0 0 0 0 0 0 0 0 0 0 0 0 0 0 0 0 0 0 0 0 0 0 0 0 0 0 0 37 0 0 0 0 0 0 0 0 0 0 0 0 0 0 0 0 0 0 0 0 0 0 0 0 0 0 0 0 0 232 51 Printing Sanity3
offset_index value902
offset list size902
reward size902
potential size902
-----------------------------------------------------------------------------------------------------------------------------------------------------------------------------------------------------

DRAM Statistics
 CHANNEL 0
 RQ ROW_BUFFER_HIT:     253247  ROW_BUFFER_MISS:     677402
 DBUS_CONGESTED:        395
 WQ ROW_BUFFER_HIT:     109834  ROW_BUFFER_MISS:     488482  FULL:          0

 AVG_CONGESTED_CYCLE: 5
 All warmup complete: 2
Channel 0 Bank busy for read cycles: 0
Channel 0 Bank busy for write cycles: 0
Channel 0
Rank 0
0banks busy for read cycles: 202710294
0banks busy for write cycles: 243871
1banks busy for read cycles: 57057054
1banks busy for write cycles: 33220255
2banks busy for read cycles: 14030119
2banks busy for write cycles: 11660705
3banks busy for read cycles: 2702298
3banks busy for write cycles: 3955694
4banks busy for read cycles: 394518
4banks busy for write cycles: 1494882
5banks busy for read cycles: 190074
5banks busy for write cycles: 780105
6banks busy for read cycles: 160519
6banks busy for write cycles: 454112
7banks busy for read cycles: 277338
7banks busy for write cycles: 488450
8banks busy for read cycles: 1992369
8banks busy for write cycles: 2983407

CPU 0 Branch Prediction Accuracy: 99.7678% MPKI: 0.38212 Average ROB Occupancy at Mispredict: 59.7628
Branch types
NOT_BRANCH: 167088784 83.5444%
BRANCH_DIRECT_JUMP: 1340351 0.670175%
BRANCH_INDIRECT: 8225897 4.11295%
BRANCH_CONDITIONAL: 18602253 9.30113%
BRANCH_DIRECT_CALL: 2229321 1.11466%
BRANCH_INDIRECT_CALL: 141641 0.0708205%
BRANCH_RETURN: 2371387 1.18569%
BRANCH_OTHER: 0 0%

DRAM PAGES: 1048576
Allocated PAGES: 17224
